sysbench 1.0.20 (using bundled LuaJIT 2.1.0-beta2)

Running the test with following options:
Number of threads: 56
Report intermediate results every 1 second(s)
Initializing random number generator from current time


Initializing worker threads...

Threads started!

1,56,2767.45,78917.19,35991.80,37166.87,5758.53,73.13,6.99,0.00
2,56,3940.14,113783.01,51888.83,54013.91,7880.28,64.47,16.00,0.00
3,56,4733.08,133201.28,60766.04,62969.08,9466.16,58.92,21.00,0.00
4,56,5387.98,153836.32,70186.69,72874.68,10774.95,51.02,34.00,0.00
5,56,5730.98,162921.54,74283.79,77174.78,11462.97,47.47,33.00,0.00
6,56,6357.74,179844.62,81923.64,85205.51,12715.48,39.65,28.00,0.00
7,56,7004.96,197989.93,90405.51,93574.49,14009.92,19.65,34.00,0.00
8,56,7342.25,207522.14,94552.25,98285.38,14684.51,19.65,33.00,0.00
9,56,7702.58,219556.12,100228.58,103922.38,15405.17,17.95,31.00,0.00
10,56,8115.11,230633.07,105147.40,109255.45,16230.22,18.28,35.00,0.00
11,56,8459.60,241615.56,110178.78,114518.58,16918.20,17.63,44.00,0.00
12,56,8412.57,244011.55,111295.55,115889.86,16826.14,18.28,26.00,0.00
13,56,8580.08,247114.57,112636.95,117317.45,17160.16,18.28,42.00,0.00
14,56,8923.57,253041.14,115532.37,119661.63,17847.14,17.32,49.00,0.00
15,56,7990.92,226668.71,103404.95,107282.91,15980.84,18.28,32.00,0.00
16,56,8093.90,225745.19,102934.72,106621.67,16188.80,18.61,29.00,0.00
17,56,7801.04,226436.23,103304.56,107530.59,15601.09,18.95,33.00,0.00
18,56,5850.43,168050.45,76659.68,79688.90,11701.87,28.67,22.00,0.00
19,56,1640.01,45791.31,20894.14,21617.15,3280.02,118.92,14.00,0.00
20,56,859.96,24005.89,10967.49,11318.48,1719.92,253.35,3.00,0.00
21,56,690.00,18552.97,8436.98,8735.98,1380.00,272.27,1.00,0.00
22,56,6642.32,187597.95,85503.08,88810.24,13284.63,25.28,26.00,0.00
23,56,2500.90,69754.16,31655.71,33096.65,5001.80,70.55,12.00,0.00
24,56,849.99,23863.71,10890.87,11272.86,1699.98,267.41,6.00,0.00
25,56,686.06,19782.64,9030.75,9379.78,1372.11,356.70,3.00,0.00
26,56,499.99,14050.58,6438.81,6611.80,999.97,511.33,6.00,0.00
27,56,463.99,13831.81,6310.91,6592.91,927.99,539.71,2.00,0.00
28,56,4986.06,139648.77,63665.81,66010.84,9972.13,28.67,19.00,0.00
29,56,4740.98,135853.37,61983.71,64387.70,9481.96,34.95,22.00,0.00
30,56,1317.04,36514.17,16638.53,17240.55,2635.08,164.45,5.00,0.00
31,56,613.01,17190.16,7856.07,8109.07,1225.01,411.96,2.00,0.00
32,56,2032.81,56423.64,25714.56,26644.47,4064.61,134.90,8.00,0.00
33,56,6694.88,190545.69,86859.49,90295.43,13390.77,23.52,21.00,0.00
34,56,4584.94,131226.23,59830.19,62226.16,9169.88,39.65,21.00,0.00
35,56,6434.92,182368.75,83232.97,86265.94,12869.84,24.38,27.00,0.00
36,56,5926.56,170433.21,77774.40,80805.69,11853.13,26.68,38.00,0.00
37,56,6162.57,174534.84,79576.46,82633.24,12325.14,26.20,19.00,0.00
38,56,5163.73,146924.24,67080.45,69516.33,10327.45,34.33,19.00,0.00
39,56,4227.37,120249.39,54775.73,57018.92,8454.73,42.61,17.00,0.00
40,56,5198.06,148123.67,67468.76,70258.79,10396.12,31.37,18.00,0.00
41,56,5462.91,153587.60,70043.90,72617.86,10925.83,30.81,21.00,0.00
42,56,5771.38,164026.78,74807.92,77676.11,11542.76,27.17,29.00,0.00
43,56,4136.64,119847.50,54706.21,56868.02,8273.28,45.79,23.00,0.00
44,56,4679.98,133832.45,61113.75,63358.74,9359.96,37.56,20.00,0.00
45,56,1590.00,43678.13,19948.06,20550.06,3180.01,127.81,6.00,0.00
46,56,6439.18,183246.05,83574.30,86793.39,12878.35,23.95,26.00,0.00
47,56,3599.96,102540.90,46749.50,48591.48,7199.92,44.98,17.00,0.00
48,56,6716.13,190137.73,86617.70,90087.77,13432.26,24.38,24.00,0.00
49,56,2251.08,63742.22,29161.01,30079.05,4502.16,78.60,9.00,0.00
50,56,361.99,10627.61,4870.82,5032.81,723.97,634.66,1.00,0.00
51,56,225.01,6663.29,3040.13,3173.14,450.02,960.30,1.00,0.00
52,56,237.03,6912.98,3168.45,3270.46,474.07,1258.08,1.00,0.00
53,56,235.96,6284.99,2862.54,2950.52,471.92,943.16,0.00,0.00
54,56,217.00,5977.04,2719.02,2824.02,434.00,1258.08,2.00,0.00
55,56,164.00,4909.02,2240.01,2341.01,328.00,1479.41,0.00,0.00
56,56,136.01,3664.39,1670.18,1722.18,272.03,1453.01,0.00,0.00
57,56,170.03,4677.73,2142.33,2195.34,340.05,1678.14,1.00,0.00
58,56,152.98,4397.29,1994.68,2096.66,305.95,1352.03,0.00,0.00
59,56,119.96,3456.86,1579.48,1637.46,239.92,1533.66,0.00,0.00
60,56,161.05,4245.31,1940.60,1982.61,322.10,2120.76,2.00,0.00
61,56,129.99,3553.73,1616.88,1676.87,259.98,893.56,1.00,0.00
62,56,112.98,3141.48,1437.76,1477.75,225.96,1973.38,1.00,0.00
63,56,134.00,3900.11,1780.05,1852.05,268.01,2045.74,0.00,0.00
64,56,116.03,3020.73,1382.33,1406.34,232.06,707.07,1.00,0.00
65,56,91.99,2399.64,1087.84,1127.83,183.97,2009.23,0.00,0.00
66,56,77.98,2275.40,1033.73,1085.72,155.96,2120.76,0.00,0.00
67,56,85.00,2861.08,1309.03,1382.04,170.00,4437.27,1.00,0.00
68,56,120.02,3502.47,1585.21,1677.23,240.03,861.95,1.00,0.00
69,56,120.02,3010.59,1368.27,1402.27,240.05,3208.88,0.00,0.00
70,56,4205.67,121302.59,55319.71,57572.54,8410.35,19.29,13.00,0.00
71,56,5647.75,156456.05,71410.83,73748.73,11296.50,24.83,33.00,0.00
72,56,568.16,17030.87,7800.23,8094.32,1136.33,331.91,0.00,0.00
73,56,371.91,10454.45,4774.83,4935.80,743.82,612.21,3.00,0.00
74,56,349.90,9802.26,4488.75,4613.71,699.80,419.45,0.00,0.00
75,56,252.09,7310.67,3344.22,3462.26,504.18,539.71,2.00,0.00
76,56,217.91,5741.70,2614.95,2690.92,435.83,1213.57,1.00,0.00
77,56,233.07,6830.18,3122.00,3242.04,466.15,1109.09,1.00,0.00
78,56,236.00,6521.06,2991.03,3058.03,472.00,1280.93,0.00,0.00
79,56,207.97,5991.02,2733.55,2841.53,415.93,1069.86,0.00,0.00
80,56,178.05,4880.28,2221.58,2302.61,356.09,1352.03,0.00,0.00
81,56,196.93,5026.26,2278.21,2354.18,393.86,733.00,3.00,0.00
82,56,168.00,4817.11,2204.05,2277.05,336.01,1258.08,2.00,0.00
83,56,1013.23,30174.72,13733.06,14415.21,2026.45,450.77,3.00,0.00
84,56,8280.35,235808.41,107598.52,111649.20,16560.69,18.28,36.00,0.00
85,56,7876.90,220579.12,100626.46,104198.87,15753.79,18.95,25.00,0.00
86,56,7592.41,215164.28,98088.38,101891.08,15184.82,19.65,35.00,0.00
87,56,7672.32,219358.22,99931.20,104082.38,15344.65,19.65,32.00,0.00
88,56,7492.71,213485.67,97492.20,101008.06,14985.42,20.00,36.00,0.00
89,56,7473.90,213175.21,97142.73,101084.68,14947.80,20.37,33.00,0.00
90,56,7670.97,216449.13,98768.60,102339.59,15340.94,19.29,31.00,0.00
91,56,7472.05,211836.43,96639.65,100251.68,14945.10,20.00,28.00,0.00
92,56,7538.70,213202.49,97183.12,100941.97,15077.40,19.65,30.00,0.00
93,56,7379.16,210659.63,96084.11,99817.19,14758.32,20.00,39.00,0.00
94,56,7538.20,215697.79,98466.64,102155.74,15075.40,18.95,32.00,0.00
95,56,7330.29,210627.53,96167.65,99798.30,14661.58,20.37,30.00,0.00
96,56,7282.43,209856.45,95775.68,99515.90,14564.86,20.37,30.00,0.00
97,56,7429.01,210042.33,95885.15,99299.16,14858.02,19.65,38.00,0.00
98,56,7318.54,206319.20,94064.93,97617.19,14637.08,20.74,29.00,0.00
99,56,7519.96,212791.00,97134.54,100616.53,15039.93,19.65,38.00,0.00
100,56,7410.95,208260.47,94988.30,98451.27,14820.89,20.00,39.00,0.00
101,56,7247.87,206970.28,94456.30,98017.24,14496.74,20.00,22.00,0.00
102,56,7203.77,205294.46,93616.02,97270.90,14407.54,20.37,30.00,0.00
103,56,7131.80,203603.97,92874.48,96465.88,14263.61,20.37,38.00,0.00
104,56,7174.35,204912.33,93371.49,97192.14,14348.69,20.37,25.00,0.00
105,56,7206.74,205879.44,93814.56,97651.42,14413.47,20.37,27.00,0.00
106,56,7224.81,205385.99,93746.49,97189.88,14449.62,19.65,24.00,0.00
107,56,7078.83,203768.22,93002.58,96607.99,14157.65,20.37,30.99,0.00
108,56,7199.90,206197.72,94010.73,97787.20,14399.80,20.00,29.00,0.00
109,56,7256.06,205175.67,93585.76,97079.79,14510.12,20.00,32.00,0.00
110,56,7197.75,204291.99,93156.80,96737.68,14397.51,19.65,32.00,0.00
111,56,7139.49,203853.94,93132.37,96442.60,14278.98,20.00,33.00,0.00
112,56,7085.55,203084.17,92775.14,96137.93,14171.10,20.00,27.00,0.00
113,56,7160.46,205248.22,93552.02,97375.27,14320.92,20.00,20.00,0.00
114,56,7021.66,197478.51,90033.67,93401.51,14043.32,20.74,30.00,0.00
115,56,7066.87,202453.37,92222.35,96097.28,14133.75,20.00,46.00,0.00
116,56,6776.16,192775.51,88012.06,91211.14,13552.32,21.11,37.00,0.00
117,56,6910.90,200096.10,91321.68,94952.62,13821.80,20.37,32.00,0.00
118,56,6941.02,198402.64,90515.29,94005.31,13882.05,20.37,25.00,0.00
119,56,6926.01,199402.35,90944.16,94607.17,13851.02,20.00,44.00,0.00
120,56,6760.49,194050.36,88575.32,91954.06,13520.98,21.11,31.00,0.00
121,56,6997.21,200268.89,91309.69,94963.79,13995.41,20.00,21.00,0.00
122,56,6753.12,190879.51,87263.61,90110.66,13505.25,20.74,32.00,0.00
123,56,6803.51,193981.47,88491.60,91882.85,13607.01,20.37,26.00,0.00
124,56,6805.31,195490.29,89129.02,92749.65,13611.63,21.11,27.00,0.00
125,56,6761.55,191918.66,87472.14,90924.42,13522.10,20.00,20.00,0.00
126,56,6851.29,196775.68,89748.73,93324.36,13702.58,20.74,39.00,0.00
127,56,6770.21,192015.95,87632.72,90841.82,13541.42,20.37,33.00,0.00
128,56,6967.88,196168.58,89364.44,92868.38,13935.76,20.37,35.00,0.00
129,56,6666.56,188140.81,85784.21,89022.48,13334.12,20.74,34.00,0.00
130,56,6662.30,190574.49,86945.87,90305.02,13323.59,20.74,29.00,0.00
131,56,6744.83,189238.20,86317.04,89432.50,13488.66,21.50,28.99,0.00
132,56,6748.25,193459.15,88227.26,91734.39,13497.50,20.74,21.00,0.00
133,56,6904.35,195141.78,88909.45,92423.63,13808.69,20.00,36.00,0.00
134,56,6568.19,188271.47,85923.50,89211.59,13136.38,20.37,20.00,0.00
135,56,6672.70,189252.58,86459.15,89448.02,13345.41,20.74,30.00,0.00
136,56,6508.03,187928.90,85692.41,89220.43,13016.06,20.74,27.00,0.00
137,56,6697.77,186337.48,84806.03,88135.91,13395.53,20.37,28.00,0.00
138,56,6527.95,189197.61,86434.36,89707.34,13055.90,20.74,36.00,0.00
139,56,6601.10,187364.89,85513.32,88650.37,13201.20,20.37,36.00,0.00
140,56,6443.04,182796.24,83435.57,86473.59,12887.09,21.11,24.00,0.00
141,56,6667.02,186886.50,85280.23,88272.24,13334.04,20.74,32.00,0.00
142,56,6492.22,185186.39,84487.92,87714.03,12984.45,21.50,34.00,0.00
143,56,6457.18,183762.11,83864.33,86983.42,12914.36,21.50,23.00,0.00
144,56,6375.36,182063.73,83117.66,86194.35,12751.72,21.50,30.00,0.00
145,56,6423.12,182379.35,83322.53,86211.58,12845.24,21.11,29.00,0.00
146,56,6413.44,182833.41,83432.66,86573.88,12826.87,21.11,22.00,0.00
147,56,6367.11,181104.09,82613.41,85756.47,12734.22,21.50,25.00,0.00
148,56,6385.09,181850.11,82859.20,86220.72,12770.18,20.74,37.99,0.00
149,56,6284.18,179748.11,82026.33,85153.42,12568.36,21.50,25.00,0.00
150,56,6426.72,181337.25,82763.24,85720.57,12853.44,20.74,33.00,0.00
151,56,6482.92,183987.48,83886.08,87135.54,12965.85,21.11,35.99,0.00
152,56,6417.12,179913.54,82042.38,85036.91,12834.25,21.11,28.00,0.00
153,56,6373.63,182114.47,83050.20,86317.01,12747.26,21.11,29.00,0.00
154,56,6215.86,179140.96,81787.16,84923.08,12430.72,21.89,30.00,0.00
155,56,6314.24,179214.89,81719.14,84866.26,12629.49,21.11,42.00,0.00
156,56,6344.53,179897.56,82138.86,85069.65,12689.05,20.74,21.00,0.00
157,56,6415.59,180508.50,82423.54,85253.79,12831.17,20.37,28.00,0.00
158,56,6217.32,176715.08,80646.14,83634.30,12434.64,21.50,23.00,0.00
159,56,6338.45,177767.52,81027.94,84062.68,12676.90,20.74,26.00,0.00
160,56,6200.43,177834.28,81316.61,84116.81,12400.86,21.50,36.00,0.00
161,56,6268.54,177802.01,81164.07,84100.86,12537.08,20.74,38.00,0.00
162,56,6334.52,178097.58,81238.65,84189.89,12669.04,21.11,27.00,0.00
163,56,6269.75,175969.87,80154.75,83276.63,12538.49,21.50,35.00,0.00
164,56,6255.05,176626.31,80519.60,83595.62,12511.09,21.50,22.00,0.00
165,56,6102.69,175845.93,80323.86,83316.70,12205.37,21.89,32.00,0.00
166,56,6271.93,176871.14,80685.15,83642.12,12543.87,21.11,23.00,0.00
167,56,6224.51,178089.72,81405.73,84234.96,12449.03,20.74,28.00,0.00
168,56,6302.89,178954.77,81638.53,84710.47,12605.77,20.74,35.00,0.00
169,56,6202.48,175634.31,80210.29,83019.06,12404.96,21.11,28.00,0.00
170,56,6035.20,174506.91,79475.69,82960.81,12070.41,21.50,17.00,0.00
171,56,6172.30,174197.59,79477.92,82376.06,12343.61,21.50,28.00,0.00
172,56,6156.24,174418.37,79524.38,82581.51,12312.47,21.11,30.98,0.00
173,56,5998.98,171050.95,78036.76,81015.24,11998.96,21.89,23.01,0.00
174,56,5733.76,162875.60,74302.85,77105.22,11467.52,22.69,22.00,0.00
175,56,5953.60,169572.50,77427.75,80237.56,11907.19,21.89,32.00,0.00
176,56,6006.51,173079.57,79015.65,82050.91,12013.01,21.50,21.00,0.00
177,56,5940.35,168122.74,76665.67,79576.36,11880.71,22.28,26.00,0.00
178,56,6033.03,170835.87,77812.40,80957.41,12066.06,21.89,22.00,0.00
179,56,5968.01,166536.26,75936.12,78664.12,11936.02,21.89,20.00,0.00
180,56,5943.60,167649.63,76625.80,79136.63,11887.19,21.89,18.00,0.00
181,56,5842.48,167057.69,76202.25,79172.49,11682.96,22.28,16.00,0.00
182,56,5927.16,166363.51,76009.06,78500.13,11854.32,22.28,26.00,0.00
183,56,5831.79,167250.99,76324.26,79261.15,11665.58,21.89,21.00,0.00
184,56,5828.90,164987.03,75271.64,78057.59,11657.79,22.28,24.00,0.00
185,56,5847.01,166393.40,75915.18,78784.19,11694.03,22.28,18.00,0.00
186,56,5771.18,164102.13,74799.34,77760.43,11542.36,22.69,28.00,0.00
187,56,5800.83,165697.05,75590.74,78504.66,11601.65,22.28,31.00,0.00
188,56,5754.92,164484.84,75138.01,77837.98,11508.85,22.69,34.00,0.00
189,56,5816.60,165070.01,75279.76,78157.05,11633.20,22.28,11.00,0.00
190,56,5816.30,166925.99,76202.87,79089.52,11633.61,22.28,25.00,0.00
191,56,5854.79,166745.47,76037.25,78998.64,11709.58,22.28,25.00,0.00
192,56,5721.55,163605.09,74734.10,77427.89,11443.10,22.28,24.00,0.00
193,56,5728.56,165702.21,75503.38,78741.70,11457.12,22.28,23.00,0.00
194,56,5715.83,164072.19,74838.81,77801.72,11431.67,22.69,19.00,0.00
195,56,5823.67,163184.65,74419.74,77117.58,11647.33,22.28,18.00,0.00
196,56,5592.91,160240.28,73177.76,75876.71,11185.81,23.10,33.00,0.00
197,56,5850.18,164892.11,75197.33,77995.42,11699.36,22.28,22.00,0.00
198,56,5763.82,161606.02,73612.73,76464.65,11528.64,22.69,25.00,0.00
199,56,5784.39,162860.88,74217.96,77074.15,11568.77,22.69,33.00,0.00
200,56,5659.22,161470.74,73700.84,76451.46,11318.44,23.10,24.00,0.00
201,56,5653.15,159915.15,72980.89,75627.96,11306.29,23.10,22.00,0.00
202,56,5604.23,162703.60,74308.01,77187.13,11208.45,22.69,24.00,0.00
203,56,5555.81,159160.54,72691.51,75357.41,11111.62,23.52,22.00,0.00
204,56,5622.31,158950.67,72581.96,75125.10,11243.61,23.10,18.00,0.00
205,56,5805.24,164082.71,74713.06,77758.18,11611.48,22.28,20.00,0.00
206,56,5662.06,160248.78,73071.81,75852.84,11324.13,22.69,16.00,0.00
207,56,5621.56,157353.73,71821.40,74290.21,11242.12,23.10,31.00,0.00
208,56,5588.89,158880.81,72461.55,75240.49,11178.78,22.69,29.00,0.00
209,56,5516.64,157563.40,71923.40,74607.71,11032.29,23.10,20.00,0.00
210,56,5475.50,158955.48,72536.38,75467.11,10952.00,23.10,24.00,0.00
211,56,5629.14,158155.98,72222.82,74674.88,11258.28,22.69,22.00,0.00
212,56,5533.22,158744.44,72422.94,75255.05,11066.45,22.69,28.00,0.00
213,56,5555.74,158617.14,72381.63,75125.01,11110.49,23.10,32.99,0.00
214,56,5512.13,156822.17,71486.67,74310.25,11025.26,23.10,23.00,0.00
215,56,5592.23,157712.58,71838.00,74690.12,11184.47,23.52,21.00,0.00
216,56,5334.95,155068.56,70870.34,73528.32,10669.90,23.95,21.00,0.00
217,56,5486.92,156321.78,71335.99,74011.95,10973.84,23.52,20.00,0.00
218,56,5637.26,157279.32,71679.34,74325.46,11274.52,23.10,29.00,0.00
219,56,5496.55,157258.13,71879.12,74385.91,10993.10,23.52,24.00,0.00
220,56,5414.85,155636.76,71083.06,73723.99,10829.71,23.10,26.00,0.00
221,56,5498.35,156145.95,71271.54,73877.71,10996.70,23.10,21.00,0.00
222,56,5375.73,154554.38,70586.52,73216.39,10751.47,23.52,23.00,0.00
223,56,5539.79,157866.98,71990.26,74797.15,11079.58,23.10,30.00,0.00
224,56,5524.60,155401.75,70789.63,73562.93,11049.19,23.10,27.00,0.00
225,56,5497.86,155639.00,70920.18,73724.11,10994.72,23.52,24.00,0.00
226,56,5442.75,152240.93,69582.77,71771.67,10886.49,23.95,23.00,0.00
227,56,5492.32,153012.94,69872.08,72157.22,10983.64,23.52,23.00,0.00
228,56,5463.18,153780.18,70220.37,72632.45,10927.37,23.95,21.00,0.00
229,56,5362.55,153208.25,70041.17,72442.97,10724.11,23.52,22.00,0.00
230,56,5409.91,153039.49,69838.85,72379.81,10820.82,23.52,20.00,0.00
231,56,5392.32,152786.15,69699.17,72302.33,10784.65,23.52,17.00,0.00
232,56,5381.97,152697.20,69615.64,72317.62,10763.94,23.95,29.00,0.00
233,56,5232.53,148127.79,67562.97,70099.75,10465.07,25.28,18.00,0.00
234,56,4893.49,137303.79,62587.28,64929.52,9786.98,25.74,21.00,0.00
235,56,5064.83,145266.07,66306.75,68829.66,10129.66,26.20,25.00,0.00
236,56,5301.57,152386.57,69415.34,72368.10,10603.13,23.95,17.00,0.00
237,56,5058.31,144024.75,65748.99,68160.14,10115.61,25.28,24.00,0.00
238,56,5183.19,147657.32,67291.43,69998.52,10367.37,25.28,29.00,0.00
239,56,5191.68,145722.14,66420.96,68917.81,10383.37,25.28,19.00,0.00
240,56,5192.49,145398.82,66251.30,68762.54,10384.99,24.83,22.00,0.00
241,56,5161.38,147700.37,67363.96,70013.64,10322.77,24.83,25.00,0.00
242,56,4974.05,142328.43,64893.65,67486.68,9948.10,26.20,25.00,0.00
243,56,5108.30,146924.57,67072.91,69635.06,10216.60,24.83,24.00,0.00
244,56,5258.80,150234.34,68430.42,71286.32,10517.60,24.38,25.00,0.00
245,56,4896.38,137274.73,62651.90,64830.07,9792.77,26.68,24.00,0.00
246,56,5252.97,145317.18,66256.62,68555.61,10504.94,24.83,20.00,0.00
247,56,5213.50,146463.94,66794.59,69242.35,10427.00,24.83,21.00,0.00
248,56,5053.00,144504.89,65872.95,68524.95,10106.99,25.28,20.00,0.00
249,56,5158.25,146510.21,66885.29,69308.41,10316.51,24.83,19.00,0.00
250,56,4915.14,141078.09,64386.87,66860.94,9830.29,25.28,19.00,0.00
251,56,5038.75,144505.74,65971.68,68456.56,10077.49,25.28,26.00,0.00
252,56,5027.58,144566.94,65876.51,68635.28,10055.16,25.74,16.00,0.00
253,56,5148.48,145801.46,66402.13,69102.38,10296.95,25.28,21.00,0.00
254,56,4832.91,137221.41,62505.82,65049.77,9665.82,26.68,26.00,0.00
255,56,5123.04,144750.12,66085.51,68418.53,10246.08,24.83,29.00,0.00
256,56,5102.30,144133.44,65834.85,68093.99,10204.60,24.83,21.00,0.00
257,56,4754.74,138443.34,63226.50,65707.36,9509.47,26.20,27.00,0.00
258,56,4987.54,142824.58,65017.09,67833.40,9974.09,25.74,26.00,0.00
259,56,5065.52,142012.67,64777.92,67102.70,10132.05,26.20,20.00,0.00
260,56,5036.27,143448.68,65381.50,67994.64,10072.54,25.28,26.00,0.00
261,56,4845.94,136559.29,62297.22,64570.19,9691.88,26.20,24.00,0.00
262,56,5074.95,143058.63,65267.37,67641.35,10149.90,25.28,14.00,0.00
263,56,5040.24,141699.62,64667.02,66952.13,10080.47,25.28,18.00,0.00
264,56,5016.68,143285.84,65259.83,67992.65,10033.36,25.28,28.00,0.00
265,56,5026.96,140712.87,64175.49,66483.47,10053.92,25.28,16.00,0.00
266,56,5027.26,141032.34,64315.35,66663.47,10053.52,25.28,27.00,0.00
267,56,4823.17,138308.95,63121.26,65540.35,9647.35,26.20,24.00,0.00
268,56,4960.34,142030.22,64663.45,67446.08,9920.69,25.74,24.00,0.00
269,56,4980.54,141098.33,64295.99,66842.26,9960.08,25.74,26.00,0.00
270,56,4961.95,140552.62,64133.37,66494.35,9924.90,26.20,21.00,0.00
271,56,4887.08,141631.40,64624.09,67233.14,9774.17,25.74,25.00,0.00
272,56,4937.03,139985.94,63907.43,66204.44,9874.07,25.74,10.00,0.00
273,56,4960.64,141334.67,64417.29,66997.10,9920.28,25.74,16.00,0.00
274,56,4858.00,138177.09,63096.04,65364.04,9717.01,26.20,19.00,0.00
275,56,4918.13,137772.59,62844.64,65091.69,9836.26,26.68,22.00,0.00
276,56,4909.16,139302.53,63363.06,66120.15,9819.32,25.74,16.00,0.00
277,56,4820.60,136872.57,62490.78,64741.60,9640.20,26.20,20.00,0.00
278,56,4861.42,138290.51,63108.48,65461.20,9720.84,26.20,17.00,0.00
279,56,4875.72,138347.39,63058.29,65536.66,9752.44,26.20,21.00,0.00
280,56,4866.14,137597.88,62817.77,65046.83,9733.27,25.74,15.00,0.00
281,56,4886.01,138764.23,63275.11,65717.11,9772.02,26.20,23.00,0.00
282,56,4922.06,140571.67,64154.76,66572.79,9844.12,25.74,23.00,0.00
283,56,4820.70,137024.42,62509.09,64873.94,9641.40,26.68,14.00,0.00
284,56,4768.27,138025.93,63020.62,65468.76,9536.55,26.68,19.00,0.00
285,56,4887.15,136136.15,62080.89,64280.96,9774.30,26.20,28.00,0.00
286,56,4837.53,138038.53,62933.86,65429.62,9675.06,26.20,30.00,0.00
287,56,4814.23,137976.70,62984.06,65365.18,9627.47,26.68,22.00,0.00
288,56,4693.08,135962.38,62003.09,64571.13,9388.16,26.68,34.00,0.00
289,56,4816.85,134587.76,61379.07,63577.00,9631.70,26.68,25.00,0.00
290,56,4785.12,134071.48,61209.59,63290.64,9571.25,26.68,18.00,0.00
291,56,4664.07,133178.92,60849.88,63000.91,9328.13,27.17,13.00,0.00
292,56,4811.80,133301.44,60769.46,62908.37,9623.60,26.68,17.00,0.00
293,56,4711.30,133521.62,60882.93,63216.08,9422.61,27.17,24.00,0.00
294,56,4734.00,135287.87,61642.94,64176.94,9467.99,27.17,24.00,0.00
295,56,4664.46,134421.52,61317.94,63775.65,9327.93,26.68,24.00,0.00
296,56,4671.53,134388.33,61383.00,63662.26,9343.07,26.20,23.00,0.00
297,56,4656.44,132168.99,60325.69,62529.43,9313.87,27.17,18.00,0.00
298,56,4755.57,133234.10,60849.35,62874.60,9510.15,27.17,28.00,0.00
299,56,4745.58,134615.20,61367.62,63755.41,9492.17,26.68,19.00,0.00
300,56,4612.14,132165.15,60399.90,62540.96,9224.29,27.17,20.00,0.00
301,56,4752.72,134949.07,61482.39,63961.24,9505.44,26.68,25.00,0.00
302,56,4685.01,134035.28,61132.13,63533.13,9370.02,26.68,22.00,0.00
303,56,4722.57,132830.89,60588.25,62797.51,9445.13,26.68,20.00,0.00
304,56,4493.80,128521.38,58697.44,60836.34,8987.61,28.16,27.00,0.00
305,56,4489.86,126356.14,57594.24,59782.17,8979.73,27.66,12.00,0.00
306,56,4404.86,125113.16,57069.25,59234.18,8809.73,28.67,18.00,0.00
307,56,4616.98,130677.51,59519.78,61923.77,9233.97,27.66,16.00,0.00
308,56,4545.66,129786.85,59263.58,61431.94,9091.33,27.66,14.00,0.00
309,56,4440.32,126932.68,57968.21,60083.84,8880.64,28.67,29.01,0.00
310,56,4642.57,131457.79,59897.44,62275.22,9285.14,27.17,18.00,0.00
311,56,4605.70,131470.88,60013.07,62246.41,9211.39,27.17,24.00,0.00
312,56,4546.00,127792.90,58252.95,60447.95,9091.99,28.16,20.00,0.00
313,56,4443.11,128128.15,58510.44,60731.49,8886.22,28.16,18.00,0.00
314,56,4489.77,125631.43,57260.00,59391.89,8979.53,28.16,17.00,0.00
315,56,4628.06,131412.67,59848.76,62307.79,9256.12,27.66,19.00,0.00
316,56,4572.02,130345.50,59463.23,61738.24,9144.04,28.16,29.00,0.00
317,56,4658.08,131210.37,59819.08,62076.12,9315.17,27.17,14.00,0.00
318,56,4536.12,128776.31,58703.51,60999.57,9073.23,27.66,11.00,0.00
319,56,4526.89,127510.89,58183.58,60273.53,9053.78,28.67,21.00,0.00
320,56,4491.04,128823.17,58710.53,61130.55,8982.08,28.16,19.00,0.00
321,56,4617.70,130113.54,59298.14,61580.00,9235.40,27.17,19.00,0.00
322,56,4578.99,130214.59,59309.81,61746.80,9157.97,27.66,20.00,0.00
323,56,4492.79,125766.21,57366.36,59414.26,8985.59,28.16,18.00,0.00
324,56,4509.13,126242.57,57658.63,59565.68,9018.25,28.16,21.00,0.00
325,56,4410.46,125994.12,57588.00,59585.20,8820.92,28.67,16.00,0.00
326,56,4473.50,126347.74,57667.49,59733.26,8946.99,27.66,18.00,0.00
327,56,4519.45,128545.82,58724.86,60783.06,9037.90,27.66,21.00,0.00
328,56,4511.58,127596.14,58148.60,60423.38,9024.16,27.66,16.00,0.00
329,56,4498.07,129037.08,58872.95,61167.98,8996.14,28.16,12.00,0.00
330,56,4469.92,126072.64,57540.92,59591.88,8939.83,27.66,19.00,0.00
331,56,4312.24,125745.94,57351.16,59770.30,8624.48,29.19,17.00,0.00
332,56,4437.03,127565.94,58255.43,60437.44,8873.07,28.16,14.00,0.00
333,56,4479.80,128530.13,58582.32,60987.21,8960.59,27.66,11.00,0.00
334,56,4557.35,128789.95,58802.54,60872.70,9114.70,28.16,17.00,0.00
335,56,4518.67,128237.49,58548.66,60651.50,9037.33,28.16,23.00,0.00
336,56,4460.18,127709.08,58346.32,60442.40,8920.35,28.16,24.00,0.00
337,56,4474.16,126950.60,57975.10,60027.17,8948.32,28.16,30.00,0.00
338,56,4522.02,126750.66,57799.30,59908.31,9043.05,27.66,12.00,0.00
339,56,4535.73,126738.53,57821.59,59844.47,9072.47,27.66,12.00,0.00
340,56,4501.87,125253.40,57166.36,59084.30,9002.74,28.67,14.00,0.00
341,56,4362.08,125363.16,57221.98,59416.02,8725.15,28.67,19.00,0.00
342,56,4450.06,126363.81,57621.82,59841.86,8900.13,27.66,19.00,0.00
343,56,4419.76,129172.98,58959.80,61373.67,8839.52,28.16,16.00,0.00
344,56,4420.25,123297.09,56191.23,58265.35,8840.51,28.16,14.00,0.00
345,56,4415.74,124383.71,56744.67,58808.55,8830.48,28.67,19.00,0.00
346,56,4385.36,124523.20,56861.66,58889.83,8771.72,28.16,25.00,0.00
347,56,4260.85,122101.76,55687.07,57892.99,8521.70,29.19,18.00,0.00
348,56,4393.76,124991.15,57111.87,59091.76,8787.52,28.67,20.00,0.00
349,56,3914.85,112343.72,51126.05,53387.97,7829.70,31.94,21.00,0.00
350,56,4365.34,123820.53,56367.34,58722.52,8730.67,28.16,10.00,0.00
351,56,4428.48,124050.31,56643.08,58551.28,8855.95,28.16,15.00,0.00
352,56,4329.65,123200.14,56215.50,58324.33,8660.31,28.67,14.00,0.00
353,56,4373.38,125094.89,57105.97,59242.16,8746.76,29.19,20.00,0.00
354,56,4245.87,123006.12,56150.23,58366.16,8489.73,29.19,27.00,0.00
355,56,4383.76,124165.26,56656.92,58738.81,8769.52,28.16,17.00,0.00
356,56,4106.86,116656.08,53233.21,55209.14,8213.72,31.37,16.00,0.00
357,56,4307.94,126720.10,57873.13,60231.10,8615.87,28.16,18.00,0.00
358,56,4283.50,120815.05,55128.41,57119.64,8567.00,29.19,14.00,0.00
359,56,4313.56,122910.56,56093.32,58190.11,8627.13,29.19,19.00,0.00
360,56,4412.09,125254.49,57133.14,59297.18,8824.18,28.16,9.00,0.00
361,56,4361.40,123064.31,56117.16,58224.35,8722.80,28.67,20.00,0.00
362,56,4382.51,125074.10,57050.66,59258.41,8765.03,28.16,19.00,0.00
363,56,4274.01,124794.26,57011.12,59235.12,8548.02,28.67,20.00,0.00
364,56,4362.45,121227.54,55309.72,57191.92,8725.90,28.67,26.00,0.00
365,56,4348.91,123509.34,56337.79,58475.74,8695.81,29.19,30.00,0.00
366,56,4392.70,123852.51,56536.12,58529.99,8786.40,28.16,18.00,0.00
367,56,4375.15,123165.29,56222.96,58192.03,8750.30,28.16,13.00,0.00
368,56,4408.81,123668.55,56351.52,58499.42,8817.61,28.16,18.00,0.00
369,56,4270.92,121042.82,55230.01,57270.97,8541.85,28.67,19.00,0.00
370,56,4264.36,124115.53,56579.80,59007.00,8528.72,29.19,18.00,0.00
371,56,4100.34,116297.32,53129.47,54967.17,8200.68,30.26,12.00,0.00
372,56,4188.38,119076.69,54390.88,56310.06,8375.75,29.72,15.00,0.00
373,56,4356.00,123180.89,56180.95,58287.95,8711.99,28.67,19.00,0.00
374,56,4214.03,117353.89,53632.40,55292.42,8429.06,29.72,27.00,0.00
375,56,4284.05,121827.37,55601.63,57657.65,8568.10,28.67,22.00,0.00
376,56,4154.96,117001.89,53402.49,55289.47,8309.92,29.72,24.00,0.00
377,56,4261.03,120215.92,54822.42,56871.43,8522.07,29.19,16.00,0.00
378,56,3882.02,109542.57,49982.26,51796.27,7764.04,31.94,16.00,0.00
379,56,4301.90,121946.23,55561.74,57781.69,8602.80,29.19,15.00,0.00
380,56,4246.08,121202.39,55310.09,57399.13,8493.17,29.19,15.00,0.00
381,56,4262.93,122749.87,56054.03,58169.99,8525.85,29.19,15.00,0.00
382,56,4008.92,113343.71,51765.95,53559.92,8017.84,30.26,22.00,0.00
383,56,4204.44,119976.45,54727.68,56839.90,8408.87,29.72,25.00,0.00
384,56,4178.99,120427.78,54961.90,57107.90,8357.99,29.72,20.00,0.00
385,56,4114.76,117970.10,53840.85,55899.73,8229.52,30.81,12.00,0.00
386,56,4229.17,117474.64,53542.11,55474.19,8458.33,30.26,16.00,0.00
387,56,3469.14,96084.00,43771.82,45373.89,6938.29,38.25,14.00,0.00
388,56,4205.86,119514.91,54552.13,56551.06,8411.71,29.72,14.00,0.00
389,56,4142.56,120226.31,54804.22,57137.97,8284.13,29.72,21.00,0.00
390,56,4096.78,116535.65,53112.11,55228.99,8194.55,29.72,20.00,0.00
391,56,4166.70,118909.84,54266.06,56310.40,8333.39,30.26,20.00,0.00
392,56,4203.70,117782.73,53711.23,55664.09,8407.41,29.72,25.00,0.00
393,56,4274.00,120224.92,54759.96,56916.96,8547.99,28.67,15.00,0.00
394,56,4168.19,121361.41,55297.47,57727.57,8336.37,29.19,21.00,0.00
395,56,4158.27,117878.51,53750.43,55811.56,8316.53,29.19,17.00,0.00
396,56,4148.53,119952.50,54750.84,56904.60,8297.07,29.19,13.00,0.00
397,56,4188.12,120031.32,54742.51,56912.57,8376.23,28.67,15.00,0.00
398,56,4153.00,118722.94,54147.97,56268.97,8306.00,29.72,18.00,0.00
399,56,4100.27,118500.91,54159.62,56140.75,8200.55,30.26,20.00,0.00
400,56,4056.65,117877.72,53706.31,56058.11,8113.29,30.26,17.00,0.00
401,56,4174.93,116416.07,53107.12,54959.09,8349.86,29.72,18.00,0.00
402,56,4210.48,116265.13,52999.99,54844.19,8420.95,29.19,14.00,0.00
403,56,3895.80,110730.38,50561.43,52377.34,7791.60,31.94,18.00,0.00
404,56,4161.04,119557.25,54522.57,56713.59,8321.09,29.19,16.00,0.00
405,56,4172.75,117891.82,53814.72,55730.60,8346.49,29.19,14.00,0.00
406,56,3735.41,104282.48,47502.98,49308.67,7470.83,31.37,12.00,0.00
407,56,2033.22,56888.27,25961.09,26860.74,4066.45,123.28,9.00,0.00
408,56,4174.23,117606.46,53644.95,55613.06,8348.46,29.19,17.00,0.00
409,56,4118.79,120024.96,54741.24,57047.13,8236.59,29.19,17.00,0.00
410,56,3717.74,105670.40,48274.57,49959.36,7436.48,31.37,21.01,0.00
411,56,75.00,1966.91,886.96,929.96,149.99,733.00,2.00,0.00
412,56,2241.04,62794.01,28629.69,29682.24,4482.07,32.53,10.00,0.00
413,56,4251.09,117648.58,53600.18,55547.22,8501.19,29.19,23.00,0.00
414,56,4151.88,118133.45,53877.38,55951.32,8304.75,29.72,22.00,0.00
415,56,3604.52,105154.45,48004.29,49941.11,7209.05,31.94,13.01,0.00
416,56,62.00,1704.05,767.02,813.03,124.00,802.05,0.00,0.00
417,56,808.66,25059.62,11449.26,11993.03,1617.33,1089.30,4.00,0.00
418,56,4104.87,117239.27,53587.30,55443.24,8208.74,29.72,18.00,0.00
419,56,3730.12,106409.91,48643.59,50305.08,7461.24,30.26,16.00,0.00
420,56,333.03,9180.91,4202.42,4312.43,666.07,108.68,0.00,0.00
421,56,147.97,3783.29,1740.67,1746.67,295.94,1149.76,1.00,0.00
422,56,341.08,10105.22,4617.02,4806.06,682.15,846.57,1.00,0.00
423,56,2970.93,86151.90,39298.81,40913.23,5939.86,37.56,16.99,0.00
424,56,4094.93,116584.14,53168.15,55224.12,8191.87,29.19,13.00,0.00
425,56,872.32,25383.20,11547.19,12091.38,1744.63,104.84,3.00,0.00
426,56,37.00,1180.85,540.93,565.93,73.99,1453.01,0.00,0.00
427,56,435.87,11730.63,5327.47,5531.41,871.75,1836.24,2.00,0.00
428,56,3169.38,87681.12,39996.39,41345.97,6338.76,31.94,13.01,0.00
429,56,32.99,941.77,432.90,442.89,65.98,995.51,0.00,0.00
430,56,30.00,1003.14,462.07,481.07,60.01,1869.60,0.00,0.00
431,56,94.99,2712.68,1238.85,1283.85,189.98,2728.81,1.00,0.00
432,56,1582.79,45009.92,20473.24,21371.12,3165.57,73.13,3.00,0.00
433,56,1008.36,27874.01,12707.56,13149.72,2016.72,95.81,4.00,0.00
434,56,255.98,7630.45,3498.75,3619.74,511.96,1258.08,2.00,0.00
435,56,30.00,1016.16,463.07,493.08,60.01,746.32,0.00,0.00
436,56,2764.14,78508.24,35843.91,37136.04,5528.28,52.89,13.99,0.00
437,56,3606.51,102450.50,46683.61,48553.87,7213.02,41.85,20.00,0.00
438,56,4053.41,116575.81,53221.39,55248.60,8105.82,31.37,22.00,0.00
439,56,4096.91,117023.56,53393.89,55435.84,8193.83,29.72,18.00,0.00
440,56,4151.48,119458.01,54325.18,56828.87,8303.96,29.72,19.00,0.00
441,56,4085.27,116770.61,53250.47,55349.61,8170.53,29.72,17.00,0.00
442,56,4008.01,112458.34,51291.16,53151.16,8016.02,30.26,24.00,0.00
443,56,832.39,24413.35,11171.19,11577.38,1664.77,90.78,5.00,0.00
444,56,2828.74,80231.19,36603.66,37970.05,5657.47,30.81,7.00,0.00
445,56,1390.63,38933.51,17769.99,18382.27,2781.25,59.99,3.00,0.00
446,56,2475.80,71434.20,32577.35,33905.25,4951.60,106.75,6.00,0.00
447,56,1219.97,33681.05,15344.57,15896.55,2439.93,253.35,5.00,0.00
448,56,2482.26,71279.60,32600.48,33714.60,4964.53,74.46,8.00,0.00
449,56,43.00,1151.05,524.02,541.02,86.00,759.88,0.00,0.00
450,56,58.99,1704.84,776.93,809.92,117.99,2082.91,0.00,0.00
451,56,76.99,2005.64,912.84,938.83,153.97,2009.23,0.00,0.00
452,56,134.03,3738.87,1707.40,1763.41,268.06,1129.24,0.00,0.00
453,56,545.79,15897.88,7274.20,7532.10,1091.58,1678.14,2.00,0.00
454,56,506.21,15027.27,6893.88,7120.97,1012.42,68.05,3.00,0.00
455,56,82.99,2617.73,1210.88,1240.87,165.98,960.30,0.00,0.00
456,56,13.00,306.00,135.00,145.00,26.00,2082.91,0.00,0.00
457,56,16.00,404.97,182.98,189.98,32.00,3511.19,0.00,0.00
458,56,2260.42,64515.47,29422.46,30572.17,4520.84,33.12,10.00,0.00
459,56,3064.08,86285.34,39354.07,40803.11,6128.17,41.85,12.00,0.00
460,56,3582.46,102552.40,46836.88,48550.62,7164.91,37.56,16.00,0.00
461,56,3906.12,111433.32,50858.52,52762.57,7812.23,32.53,16.00,0.00
462,56,4061.36,114123.07,51999.59,54000.77,8122.72,30.81,14.00,0.00
463,56,3979.88,112409.73,51291.51,53158.45,7959.77,30.81,8.00,0.00
464,56,1349.03,38780.96,17713.44,18369.45,2698.07,204.11,4.00,0.00
465,56,2841.04,80854.60,36882.50,38290.02,5682.08,31.37,11.00,0.00
466,56,2927.42,83146.02,37882.51,39408.68,5854.83,40.37,4.00,0.00
467,56,26.01,654.13,297.06,305.06,52.01,69.29,0.00,0.00
468,56,61.00,1659.07,757.03,780.03,122.00,1869.60,2.00,0.00
469,56,14.00,253.01,109.01,116.01,28.00,2159.29,0.00,0.00
470,56,1122.36,31822.84,14522.71,15055.41,2244.72,303.33,4.00,0.00
471,56,873.35,24267.82,11090.49,11430.63,1746.71,458.96,3.00,0.00
472,56,604.27,17187.81,7832.56,8146.70,1208.55,125.52,1.00,0.00
473,56,258.96,8144.89,3715.49,3911.47,517.93,1479.41,1.00,0.00
474,56,21.00,399.02,177.01,180.01,42.00,1032.01,0.00,0.00
475,56,17.00,492.06,227.03,231.03,34.00,1938.16,0.00,0.00
476,56,2151.04,61966.39,28223.43,29440.88,4302.08,68.05,6.00,0.00
477,56,918.36,25909.12,11818.61,12253.78,1836.72,92.42,12.00,0.00
478,56,7.00,230.97,103.99,112.99,14.00,1708.63,0.00,0.00
479,56,13.00,288.98,124.99,137.99,26.00,2585.31,0.00,0.00
480,56,1115.78,32914.61,15105.07,15577.97,2231.57,601.29,3.00,0.00
481,56,2613.99,72995.82,33268.92,34498.92,5227.99,66.84,7.00,0.00
482,56,3757.60,106391.64,48503.82,50372.62,7515.20,35.59,20.00,0.00
483,56,3981.11,110671.99,50415.36,52295.41,7961.22,30.81,10.00,0.00
484,56,3941.24,111638.73,50900.07,52855.19,7883.48,31.37,12.00,0.00
485,56,697.29,19546.02,8870.64,9280.81,1394.57,40.37,0.00,0.00
486,56,754.00,20163.11,9210.05,9445.05,1508.01,1191.92,3.00,0.00
487,56,1175.99,31918.86,14498.94,15067.93,2351.99,123.28,5.00,0.00
488,56,176.80,5139.33,2341.42,2444.30,353.61,1561.52,2.00,0.00
489,56,546.41,16767.52,7697.75,7976.96,1092.82,52.89,2.00,0.00
490,56,2749.75,78274.92,35718.77,37056.65,5499.50,41.85,10.00,0.00
491,56,44.01,1069.26,481.12,500.12,88.02,623.33,0.00,0.00
492,56,6.00,256.04,121.02,123.02,12.00,1903.57,0.00,0.00
493,56,9.00,254.02,117.01,119.01,18.00,2728.81,0.00,0.00
494,56,25.99,642.77,287.90,302.89,51.98,3706.08,0.00,0.00
495,56,5.00,112.04,53.02,49.02,10.00,4437.27,0.00,0.00
496,56,10.00,280.99,126.00,135.00,20.00,5918.87,0.00,0.00
497,56,3.00,87.00,39.00,42.00,6.00,6835.96,0.00,0.00
498,56,7.00,244.00,115.00,115.00,14.00,7615.89,0.00,0.00
499,56,3073.50,86585.70,39505.70,40933.00,6147.00,50.11,14.99,0.00
500,56,3132.34,90151.69,41148.42,42738.59,6264.67,47.47,10.00,0.00
501,56,3664.02,104448.53,47626.24,49494.25,7328.04,34.95,16.00,0.00
502,56,3953.58,112664.97,51420.51,53337.30,7907.16,30.81,17.00,0.00
503,56,3094.30,88134.66,40164.95,41781.10,6188.61,44.17,14.00,0.00
504,56,589.87,16752.30,7651.31,7921.25,1179.74,78.60,2.00,0.00
505,56,2086.23,59901.26,27313.08,28415.72,4172.46,112.67,10.01,0.00
506,56,27.00,733.95,333.98,345.98,54.00,1032.01,0.00,0.00
507,56,620.81,18124.52,8267.50,8615.39,1241.62,1771.29,2.00,0.00
508,56,75.03,2316.99,1069.46,1097.47,150.06,253.35,0.00,0.00
509,56,234.98,6683.43,3051.74,3161.73,469.96,1533.66,1.00,0.00
510,56,6.00,204.01,89.00,103.00,12.00,1327.91,0.00,0.00
511,56,2947.87,82859.35,37722.59,39241.01,5895.75,55.82,15.99,0.00
512,56,3491.81,101187.44,46206.46,47997.36,6983.62,42.61,20.00,0.00
513,56,3931.21,111941.99,51015.73,53063.84,7862.42,32.53,25.00,0.00
514,56,3624.75,103283.80,47116.72,48917.59,7249.49,35.59,15.00,0.00
515,56,3095.34,87394.64,39884.40,41319.56,6190.68,41.10,12.00,0.00
516,56,15.00,393.11,177.05,186.05,30.01,646.19,0.00,0.00
517,56,2.00,143.01,67.01,72.01,4.00,1678.14,0.00,0.00
518,56,5.00,90.00,40.00,40.00,10.00,2680.11,0.00,0.00
519,56,645.67,18448.54,8382.70,8774.50,1291.34,3574.99,1.00,0.00
520,56,156.03,4177.79,1905.36,1960.37,312.06,397.39,1.00,0.00
521,56,799.17,23970.97,10961.27,11411.37,1598.33,926.33,4.00,0.00
522,56,5.00,161.96,73.98,77.98,10.00,1589.90,0.00,0.00
523,56,361.97,10304.18,4695.63,4884.61,723.94,2539.17,1.00,0.00
524,56,1242.86,35709.09,16302.21,16921.15,2485.73,292.60,6.00,0.00
525,56,3656.93,104889.09,47858.13,49719.09,7311.87,34.95,18.00,0.00
526,56,3822.03,109313.94,49811.43,51856.45,7646.07,33.72,12.00,0.00
527,56,3622.20,103529.66,47214.58,49070.68,7244.40,37.56,12.00,0.00
528,56,299.12,8209.29,3736.50,3874.55,598.24,75.82,1.00,0.00
529,56,129.99,4099.66,1892.84,1946.84,259.98,1280.93,0.00,0.00
530,56,2.00,58.99,24.00,31.00,4.00,2828.87,0.00,0.00
531,56,186.00,4985.06,2279.03,2334.03,372.00,1771.29,1.00,0.00
532,56,6.00,172.05,77.02,83.02,12.00,1803.47,0.00,0.00
533,56,5.00,125.99,63.00,53.00,10.00,2405.65,0.00,0.00
534,56,7.00,189.00,85.00,90.00,14.00,3574.99,0.00,0.00
535,56,1078.49,29860.00,13650.60,14052.41,2156.99,1069.86,6.00,0.00
536,56,40.02,1229.58,575.27,574.27,80.04,244.38,0.00,0.00
537,56,1.00,61.00,29.00,30.00,2.00,1304.21,0.00,0.00
538,56,3.00,77.00,36.00,35.00,6.00,2405.65,0.00,0.00
539,56,1.00,52.00,18.00,32.00,2.00,3386.99,0.00,0.00
540,56,675.84,19062.62,8675.01,9035.93,1351.69,4437.27,4.00,0.00
541,56,169.00,5066.03,2316.01,2412.01,338.00,1069.86,1.00,0.00
542,56,1.00,76.01,35.01,39.01,2.00,325.98,0.00,0.00
543,56,5.00,186.01,92.01,84.01,10.00,2238.47,0.00,0.00
544,56,7.00,202.98,97.99,90.99,14.00,3639.94,0.00,0.00
545,56,6.00,158.00,71.00,75.00,12.00,4943.53,0.00,0.00
546,56,1.00,106.98,56.99,47.99,2.00,4280.32,0.00,0.00
547,56,1110.39,31979.16,14571.09,15187.30,2220.78,1235.62,9.00,0.00
548,56,4.00,126.98,54.99,63.99,8.00,1069.86,0.00,0.00
549,56,214.96,5776.89,2626.50,2720.48,429.92,1533.66,1.00,0.00
550,56,0.00,69.02,38.01,31.01,0.00,0.00,0.00,0.00
551,56,269.90,8017.01,3660.63,3816.57,539.80,2632.28,2.00,0.00
552,56,846.34,24042.76,10955.45,11394.63,1692.69,69.29,5.00,0.00
553,56,33.00,894.00,410.00,418.00,66.00,1427.08,0.00,0.00
554,56,4.00,117.99,51.00,59.00,8.00,2585.31,0.00,0.00
555,56,3.00,97.00,44.00,47.00,6.00,3151.62,0.00,0.00
556,56,513.04,14206.10,6451.50,6728.52,1026.08,2778.39,3.00,0.00
557,56,22.99,716.75,336.88,333.88,45.98,1618.78,0.00,0.00
558,56,16.00,449.12,203.06,214.06,32.01,2320.55,0.00,0.00
559,56,31.00,671.98,302.99,306.99,62.00,2985.89,0.00,0.00
560,56,22.00,632.89,293.95,294.95,43.99,3982.86,0.00,0.00
561,56,3370.60,97714.28,44514.66,46458.43,6741.19,51.02,14.00,0.00
562,56,3698.99,107230.67,49014.85,50817.84,7397.98,34.33,16.00,0.00
563,56,3623.99,105079.63,47973.83,49857.82,7247.97,37.56,17.00,0.00
564,56,915.32,26773.45,12228.32,12714.49,1830.65,77.19,5.00,0.00
565,56,1196.93,34685.00,15756.09,16535.04,2393.86,227.40,7.00,0.00
566,56,12.00,381.94,179.97,177.97,24.00,909.80,0.00,0.00
567,56,359.09,9770.45,4428.11,4624.16,718.18,1258.08,0.00,0.00
568,56,3.00,102.98,47.99,48.99,6.00,1109.09,0.00,0.00
569,56,16.00,311.01,137.01,142.01,32.00,2082.91,0.00,0.00
570,56,6.00,114.95,48.98,53.98,12.00,3841.98,0.00,0.00
571,56,2104.38,58801.74,26790.90,27802.08,4208.77,189.93,10.00,0.00
572,56,3644.09,104071.64,47505.20,49278.25,7288.18,36.24,13.00,0.00
573,56,3690.06,104064.38,47515.85,49169.42,7379.11,36.89,18.00,0.00
574,56,1736.09,48643.56,22166.93,23003.45,3473.18,75.82,7.00,0.00
575,56,479.96,14401.89,6560.49,6881.47,959.93,831.46,1.00,0.00
576,56,67.97,2154.18,989.62,1028.61,135.95,1013.60,0.00,0.00
577,56,941.32,26332.83,11985.02,12465.18,1882.63,200.47,3.00,0.00
578,56,12.00,304.01,141.01,139.01,24.00,1376.60,0.00,0.00
579,56,5.00,82.01,31.00,41.00,10.00,2585.31,0.00,0.00
580,56,1105.08,32201.22,14710.02,15281.06,2210.15,569.67,5.00,0.00
581,56,631.96,17390.03,7949.56,8176.55,1263.93,262.64,7.00,0.00
582,56,7.00,213.94,104.97,94.98,14.00,1618.78,0.00,0.00
583,56,89.02,2591.65,1176.29,1237.31,178.04,1771.29,1.00,0.00
584,56,27.99,738.85,335.93,346.93,55.99,1708.63,0.00,0.00
585,56,258.97,8106.21,3675.64,3912.62,517.95,2493.86,1.00,0.00
586,56,2997.64,82983.11,37855.49,39132.34,5995.29,57.87,9.00,0.00
587,56,3868.70,107039.74,48799.23,50503.10,7737.40,32.53,20.00,0.00
588,56,3061.09,86575.86,39437.06,41016.62,6122.18,41.10,14.00,0.00
589,56,2190.16,61983.39,28180.99,29422.08,4380.31,127.81,8.00,0.00
590,56,648.85,18502.58,8459.98,8744.91,1297.69,356.70,2.00,0.00
591,56,207.95,6308.35,2868.25,3023.21,416.89,1129.24,1.00,0.00
592,56,45.02,1390.73,640.33,661.35,89.05,719.92,0.00,0.00
593,56,0.00,40.00,22.00,18.00,0.00,0.00,0.00,0.00
594,56,386.03,11789.85,5367.39,5650.41,772.06,2320.55,2.00,0.00
595,56,414.99,11612.73,5262.88,5519.87,829.98,1280.93,1.00,0.00
596,56,100.93,3007.06,1385.11,1420.08,201.87,262.64,0.00,0.00
597,56,3.00,202.13,102.06,94.06,6.00,1803.47,0.00,0.00
598,56,100.00,2657.04,1216.02,1241.02,200.00,2279.14,0.00,0.00
599,56,1.00,75.00,35.00,38.00,2.00,1280.93,0.00,0.00
600,56,1.00,68.00,32.00,34.00,2.00,1170.65,0.00,0.00
601,56,6.00,109.01,44.01,53.01,12.00,3326.55,0.00,0.00
602,56,931.06,25911.70,11809.78,12239.80,1862.12,3706.08,5.00,0.00
603,56,37.00,1121.86,515.94,531.93,73.99,383.33,0.00,0.00
604,56,57.00,1744.10,793.04,837.05,114.01,1803.47,1.00,0.00
605,56,5.00,90.00,38.00,42.00,10.00,2680.11,0.00,0.00
606,56,2.00,116.99,55.00,58.00,4.00,3208.88,0.00,0.00
607,56,1292.64,37007.74,16885.32,17537.14,2585.28,240.02,6.00,0.00
608,56,972.17,27137.86,12359.21,12834.30,1944.35,292.60,3.00,0.00
609,56,13.00,335.04,157.02,152.02,26.00,1109.09,0.00,0.00
610,56,7.00,327.00,150.00,163.00,14.00,2159.29,0.00,0.00
611,56,14.00,287.00,132.00,127.00,28.00,3326.55,0.00,0.00
612,56,179.93,5698.84,2586.02,2752.95,359.86,4203.93,2.00,0.00
613,56,366.16,9443.25,4290.93,4419.99,732.33,383.33,3.00,0.00
614,56,12.00,173.00,73.00,76.00,24.00,1149.76,0.00,0.00
615,56,4.00,109.00,52.00,49.00,8.00,2778.39,0.00,0.00
616,56,5.00,204.00,97.00,97.00,10.00,3208.88,1.00,0.00
617,56,2508.98,73241.13,33413.37,34809.80,5017.95,58.92,12.00,0.00
618,56,3747.11,107635.08,49125.41,51015.46,7494.21,33.72,12.00,0.00
619,56,3480.83,100497.05,45909.74,47625.65,6961.66,39.65,15.00,0.00
620,56,1296.43,36706.14,16719.53,17393.75,2592.86,74.46,5.00,0.00
621,56,454.03,13436.77,6155.35,6373.37,908.05,1069.86,0.00,0.00
622,56,34.00,1085.04,501.02,516.02,68.00,657.93,0.00,0.00
623,56,55.00,1867.99,852.99,904.99,110.00,2159.29,0.00,0.00
624,56,11.00,324.99,148.00,155.00,22.00,2585.31,0.00,0.00
625,56,823.57,23328.90,10628.49,11053.27,1647.15,1836.24,3.00,0.00
626,56,244.10,6549.72,2985.24,3076.28,488.20,155.80,0.00,0.00
627,56,12.00,283.94,129.97,129.97,23.99,1561.52,0.00,0.00
628,56,5.00,130.05,60.02,60.02,10.00,2828.87,0.00,0.00
629,56,9.00,260.98,120.99,121.99,18.00,3706.08,0.00,0.00
630,56,19.00,485.95,215.98,231.98,38.00,4358.09,0.00,0.00
631,56,371.87,10818.35,4928.34,5146.26,743.75,4599.99,1.00,0.00
632,56,1695.76,48198.67,21965.88,22841.27,3391.53,161.51,9.00,0.00
633,56,1342.54,38493.94,17589.03,18219.82,2685.09,344.08,2.00,0.00
634,56,81.03,2171.77,989.35,1020.36,162.06,450.77,0.00,0.00
635,56,74.00,1924.94,882.97,893.97,148.00,1836.24,1.00,0.00
636,56,6.00,224.01,114.00,98.00,12.00,1589.90,0.00,0.00
637,56,1507.32,41129.41,18768.52,19346.26,3014.64,64.47,7.00,0.00
638,56,3757.25,105939.17,48368.28,50056.39,7514.51,33.72,13.00,0.00
639,56,3471.65,101127.94,46181.41,48003.23,6943.31,36.89,23.00,0.00
640,56,2087.99,58275.83,26556.92,27542.92,4175.99,92.42,6.00,0.00
641,56,379.02,10609.53,4870.24,4981.25,758.04,669.89,0.00,0.00
642,56,213.02,6228.70,2843.32,2959.33,426.05,893.56,1.00,0.00
643,56,682.21,19605.07,8961.77,9278.87,1364.42,1618.78,4.00,0.00
644,56,31.00,994.05,468.02,464.02,62.00,719.92,0.00,0.00
645,56,49.00,1176.99,523.00,556.00,98.00,1938.16,0.00,0.00
646,56,16.99,516.83,249.92,232.92,33.99,2238.47,0.00,0.00
647,56,16.00,513.15,235.07,246.07,32.01,3639.94,0.00,0.00
648,56,242.98,6557.54,2992.79,3078.78,485.97,2405.65,1.00,0.00
649,56,15.00,434.03,201.02,203.02,30.00,1506.29,0.00,0.00
650,56,11.00,515.97,245.99,247.99,22.00,2632.28,0.00,0.00
651,56,392.94,10528.29,4802.22,4940.20,785.87,3386.99,0.00,0.00
652,56,1470.90,41539.27,19009.75,19587.71,2941.81,253.35,3.00,0.00
653,56,100.02,2886.67,1310.31,1376.32,200.05,450.77,0.00,0.00
654,56,671.00,18877.91,8577.96,8957.96,1341.99,1149.76,3.00,0.00
655,56,275.99,8293.69,3799.86,3941.85,551.98,995.51,0.00,0.00
656,56,2.00,76.00,40.00,32.00,4.00,215.44,0.00,0.00
657,56,14.00,272.03,111.01,133.01,28.00,1708.63,0.00,0.00
658,56,2479.01,69335.24,31595.35,32781.87,4958.01,65.65,8.00,0.00
659,56,3651.09,105696.70,48135.23,50259.28,7302.19,41.10,22.00,0.00
660,56,3215.10,92341.48,42121.36,43789.93,6430.19,38.94,12.00,0.00
661,56,6.00,147.00,69.00,66.00,12.00,977.74,0.00,0.00
662,56,449.91,13028.33,5948.78,6179.73,899.82,1678.14,1.00,0.00
663,56,2371.89,68189.73,31126.51,32319.45,4743.77,51.94,7.00,0.00
664,56,11.00,311.08,142.04,147.04,22.01,682.06,0.00,0.00
665,56,0.00,82.00,43.00,39.00,0.00,0.00,0.00,0.00
666,56,15.00,447.94,208.97,208.97,30.00,3208.88,0.00,0.00
667,56,8.00,216.02,99.01,101.01,16.00,3982.86,0.00,0.00
668,56,4.00,112.97,52.99,51.99,8.00,4517.90,0.00,0.00
669,56,8.00,167.99,74.00,78.00,16.00,5813.24,0.00,0.00
670,56,604.04,16323.96,7417.43,7698.45,1208.07,3841.98,4.00,0.00
671,56,1334.86,38656.81,17689.08,18298.02,2669.71,240.02,8.00,0.00
672,56,265.10,7812.83,3553.29,3729.35,530.19,467.30,0.00,0.00
673,56,2.00,95.00,41.00,50.00,4.00,1479.41,0.00,0.00
674,56,2667.66,74877.34,34146.82,35395.20,5335.32,59.99,11.99,0.00
675,56,3886.42,107705.76,49135.36,50797.54,7772.85,31.94,11.00,0.00
676,56,3070.08,88864.17,40591.99,42132.03,6140.15,44.17,7.00,0.00
677,56,1621.52,45275.50,20637.61,21394.85,3243.04,167.44,4.00,0.00
678,56,163.01,4282.21,1918.10,2038.10,326.02,419.45,1.00,0.00
679,56,0.00,51.99,27.00,25.00,0.00,0.00,0.00,0.00
680,56,8.00,168.01,73.00,79.01,16.00,2728.81,0.00,0.00
681,56,522.82,14977.79,6876.61,7055.54,1045.64,3574.99,3.00,0.00
682,56,724.27,20128.61,9161.46,9518.60,1448.55,183.21,4.00,0.00
683,56,6.00,134.95,54.98,67.97,12.00,1109.09,0.00,0.00
684,56,156.00,5153.09,2331.04,2510.04,312.01,2045.74,0.00,0.00
685,56,6.00,174.06,78.02,84.03,12.00,893.56,0.00,0.00
686,56,1795.23,50901.22,23208.07,24102.68,3590.46,253.35,5.00,0.00
687,56,3611.08,103183.15,47045.98,48915.02,7222.15,36.89,14.00,0.00
688,56,3326.01,94451.22,43066.10,44733.11,6652.02,46.63,13.00,0.00
689,56,197.07,5177.81,2347.82,2435.85,394.14,30.81,1.00,0.00
690,56,1474.47,42318.74,19215.07,20154.73,2948.94,97.55,4.00,0.00
691,56,102.02,2896.62,1319.28,1373.30,204.04,248.83,0.00,0.00
692,56,20.00,494.10,228.04,226.04,40.01,1869.60,0.00,0.00
693,56,1250.52,35280.33,16092.77,16686.54,2501.03,320.17,3.00,0.00
694,56,1559.44,44163.33,20159.63,20884.83,3118.87,86.00,7.00,0.00
695,56,2714.20,76285.64,34787.80,36069.43,5428.41,73.13,8.00,0.00
696,56,3825.16,108783.52,49591.06,51542.14,7650.32,34.95,9.00,0.00
697,56,1409.21,40526.14,18450.80,19256.92,2818.43,84.47,3.00,0.00
698,56,976.84,27641.34,12614.87,13072.80,1953.67,977.74,3.00,0.00
699,56,305.03,8179.92,3734.42,3835.43,610.07,390.30,0.00,0.00
700,56,8.00,191.06,84.03,91.03,16.01,1561.52,0.00,0.00
701,56,1256.59,37684.66,17233.36,17938.12,2513.18,137.35,7.00,0.00
702,56,309.08,8627.29,3988.06,4021.07,618.16,419.45,1.00,0.00
703,56,343.94,9690.44,4425.29,4577.26,687.89,1050.76,1.00,0.00
704,56,2533.37,71597.10,32695.82,33834.54,5066.73,70.55,14.00,0.00
705,56,3795.90,107373.61,48969.92,50811.90,7591.80,32.53,21.99,0.00
706,56,1631.96,46519.22,21243.43,22011.88,3263.91,77.19,6.00,0.00
707,56,1257.48,35772.61,16328.21,16929.44,2514.96,43.39,8.00,0.00
708,56,786.74,21629.74,9883.68,10172.58,1573.47,719.92,5.00,0.00
709,56,4.00,243.02,115.01,120.01,8.00,1149.76,0.00,0.00
710,56,4.00,129.03,61.02,60.02,8.00,2405.65,0.00,0.00
711,56,0.00,119.98,61.99,57.99,0.00,0.00,0.00,0.00
712,56,632.96,18596.87,8450.49,8880.46,1265.92,4280.32,1.00,0.00
713,56,359.94,9519.54,4296.34,4503.31,719.89,475.79,1.00,0.00
714,56,1.00,84.01,48.01,34.00,2.00,1533.66,0.00,0.00
715,56,1.00,102.02,49.01,51.01,2.00,2449.36,0.00,0.00
716,56,2.00,65.99,28.99,32.99,4.00,3386.99,0.00,0.00
717,56,2020.71,59017.40,26815.09,28160.89,4041.41,70.55,4.00,0.00
718,56,3749.96,106151.82,48424.46,50227.44,7499.92,31.37,12.00,0.00
719,56,2839.10,82261.00,37529.37,39053.42,5678.21,40.37,8.00,0.00
720,56,1556.95,44000.64,20053.38,20833.36,3113.90,248.83,10.00,0.00
721,56,862.35,24668.87,11272.51,11671.67,1724.69,244.38,4.00,0.00
722,56,9.00,300.00,139.00,143.00,18.00,1149.76,0.00,0.00
723,56,0.00,46.00,23.00,23.00,0.00,0.00,0.00,0.00
724,56,2.00,118.00,60.00,54.00,4.00,2539.17,0.00,0.00
725,56,2693.00,75807.77,34491.16,35930.62,5385.99,57.87,9.00,0.00
726,56,3501.98,100419.35,45846.70,47568.69,7003.95,39.65,14.00,0.00
727,56,616.13,17009.52,7740.60,8036.66,1232.26,71.83,5.00,0.00
728,56,1584.28,44765.79,20424.55,21172.68,3168.55,71.83,10.00,0.00
729,56,26.00,831.04,386.02,393.02,52.00,427.07,0.00,0.00
730,56,9.00,153.99,67.00,69.00,18.00,2045.74,0.00,0.00
731,56,181.89,5167.76,2332.54,2471.45,363.77,3040.14,1.00,0.00
732,56,641.21,18492.03,8444.75,8764.86,1282.42,369.77,4.00,0.00
733,56,7.00,115.03,50.01,51.01,14.00,1453.01,0.00,0.00
734,56,590.98,16185.33,7363.69,7639.68,1181.95,1903.57,2.00,0.00
735,56,7.00,246.91,114.96,117.96,14.00,419.45,0.00,0.00
736,56,266.99,8106.69,3686.86,3885.85,533.98,1648.20,1.00,0.00
737,56,75.03,2181.94,995.43,1036.45,150.06,773.68,1.00,0.00
738,56,2.00,89.00,41.00,44.00,4.00,1427.08,0.00,0.00
739,56,2.00,67.00,34.00,29.00,4.00,2632.28,0.00,0.00
740,56,102.95,2954.69,1350.40,1398.38,205.91,3982.86,2.00,0.00
741,56,1949.02,55527.46,25330.21,26299.22,3898.03,179.94,9.00,0.00
742,56,3506.34,101071.68,46169.42,47889.58,7012.67,36.89,14.00,0.00
743,56,3461.74,97789.72,44601.68,46265.55,6922.48,41.85,15.00,0.00
744,56,2571.00,73549.91,33511.96,34894.96,5142.99,51.02,11.00,0.00
745,56,1708.99,46627.85,21228.93,21980.93,3417.99,94.10,5.00,0.00
746,56,3363.87,97753.13,44644.23,46381.16,6727.73,41.10,15.00,0.00
747,56,3062.42,86996.64,39625.55,41247.24,6123.85,54.83,10.00,0.00
748,56,960.63,28259.49,12889.43,13447.80,1922.26,193.38,1.00,0.00
749,56,3.00,114.99,53.00,56.00,6.00,1109.09,0.00,0.00
750,56,5.00,172.95,83.98,78.98,10.00,2159.29,0.00,0.00
751,56,3.00,136.04,65.02,65.02,6.00,2880.27,0.00,0.00
752,56,1133.41,33649.40,15402.95,15979.64,2266.81,153.02,7.00,0.00
753,56,3616.52,100495.37,45763.54,47499.79,7232.03,38.25,10.00,0.00
754,56,1392.44,39148.36,17802.62,18559.86,2785.88,64.47,10.00,0.00
755,56,331.90,10126.98,4636.62,4826.56,663.80,1453.01,1.00,0.00
756,56,1376.43,38811.09,17634.49,18423.74,2752.86,70.55,7.00,0.00
757,56,16.00,434.03,192.01,210.02,32.00,1235.62,0.00,0.00
758,56,1661.37,48143.87,21983.72,22837.40,3322.75,419.45,9.00,0.00
759,56,2447.70,69188.53,31518.14,32774.99,4895.40,75.82,7.00,0.00
760,56,3575.29,101812.28,46454.78,48206.92,7150.58,41.10,8.00,0.00
761,56,1049.93,30067.06,13730.11,14237.08,2099.86,287.38,8.00,0.00
762,56,1040.09,28659.40,13104.10,13475.13,2080.17,559.50,1.00,0.00
763,56,168.06,4955.85,2268.85,2350.88,336.13,530.08,0.00,0.00
764,56,24.00,518.00,220.00,250.00,48.00,1903.57,0.00,0.00
765,56,460.02,13142.44,6014.20,6208.21,920.03,2320.55,1.00,0.00
766,56,1840.12,53714.21,24495.24,25538.74,3680.23,75.82,7.00,0.00
767,56,3439.23,96679.43,44104.93,45696.04,6878.46,41.10,17.00,0.00
768,56,2006.87,56389.37,25688.10,26687.53,4013.73,50.11,6.00,0.00
769,56,2744.49,77108.54,35090.68,36529.88,5487.98,65.65,17.99,0.00
770,56,3252.98,91539.45,41782.75,43249.74,6506.96,44.17,18.00,0.00
771,56,667.08,17896.03,8100.92,8460.96,1334.15,215.44,2.00,0.00
772,56,558.01,15917.28,7284.13,7517.13,1116.02,1280.93,4.00,0.00
773,56,291.05,8523.34,3886.61,4054.64,582.09,331.91,0.00,0.00
774,56,6.00,236.07,111.03,113.03,12.00,1561.52,0.00,0.00
775,56,436.96,12305.76,5613.44,5818.42,873.91,2405.65,2.00,0.00
776,56,2849.74,80492.28,36666.73,38126.08,5699.47,63.32,15.99,0.00
777,56,2516.13,73390.03,33520.09,34837.68,5032.27,43.39,23.01,0.00
778,56,1611.98,45843.30,20867.68,21751.67,3223.95,108.68,8.00,0.00
779,56,3.00,114.00,58.00,50.00,6.00,977.74,0.00,0.00
780,56,342.02,10112.57,4575.26,4853.27,684.04,1506.29,2.00,0.00
781,56,6.00,131.00,62.00,57.00,12.00,1589.90,0.00,0.00
782,56,1399.28,39204.96,17891.86,18514.54,2798.57,231.53,6.00,0.00
783,56,3011.83,85977.23,39298.82,40654.74,6023.67,46.63,17.00,0.00
784,56,2229.28,64391.97,29360.64,30573.79,4457.55,51.02,11.00,0.00
785,56,1615.66,45986.71,20953.52,21800.87,3232.32,87.56,5.00,0.00
786,56,2473.88,71169.84,32496.32,33725.76,4947.76,75.82,12.99,0.00
787,56,3469.36,98176.22,44794.66,46443.83,6937.72,38.94,15.00,0.00
788,56,1756.89,50313.77,22967.53,23831.47,3514.77,80.03,4.00,0.00
789,56,695.11,20904.27,9535.49,9978.56,1390.22,52.89,2.00,0.00
790,56,8.00,192.04,85.02,91.02,16.00,1589.90,0.00,0.00
791,56,4.00,122.01,64.00,50.00,8.00,2320.55,0.00,0.00
792,56,5.00,136.00,61.00,65.00,10.00,3267.19,0.00,0.00
793,56,2848.95,80944.03,36934.33,38311.82,5697.89,52.89,15.99,0.00
794,56,3437.00,97151.98,44255.99,46021.99,6874.00,38.94,12.00,0.00
795,56,1871.71,52019.60,23691.93,24584.26,3743.41,80.03,11.00,0.00
796,56,2477.07,69180.93,31506.13,32720.67,4954.13,70.55,9.00,0.00
797,56,3301.77,93863.42,42821.00,44438.88,6603.54,44.98,18.00,0.00
798,56,3203.00,91128.01,41554.00,43167.00,6407.00,43.39,17.00,0.00
799,56,1389.53,40054.38,18241.01,19035.31,2778.07,48.34,4.00,0.00
800,56,1033.70,28276.74,12879.24,13330.11,2067.40,846.57,6.00,0.00
801,56,239.04,5919.92,2672.42,2769.43,478.07,262.64,0.00,0.00
802,56,236.92,7243.58,3343.88,3425.86,473.84,1803.47,0.00,0.00
803,56,1646.20,48167.75,21998.63,22877.73,3291.39,200.47,9.00,0.00
804,56,3339.03,93740.93,42703.42,44358.44,6679.07,41.85,9.00,0.00
805,56,1499.15,42618.15,19444.89,20174.96,2998.29,89.16,8.00,0.00
806,56,6.00,157.05,65.02,80.02,12.00,1479.41,0.00,0.00
807,56,4.00,180.94,94.97,77.98,8.00,2493.86,0.00,0.00
808,56,15.00,433.96,191.98,211.98,30.00,3448.53,0.00,0.00
809,56,2729.55,79022.92,36081.03,37483.80,5458.10,52.89,11.00,0.00
810,56,3134.34,86641.99,39471.85,40900.46,6269.68,41.85,7.00,0.00
811,56,2089.47,58079.14,26506.22,27393.99,4178.93,80.03,9.00,0.00
812,56,2026.92,57299.76,26140.98,27104.94,4053.84,58.92,4.00,0.00
813,56,533.23,14952.33,6775.87,7110.01,1066.45,106.75,2.00,0.00
814,56,398.99,12211.58,5592.81,5820.80,797.97,846.57,0.00,0.00
815,56,0.00,45.00,19.00,26.00,0.00,0.00,0.00,0.00
816,56,9.00,152.02,65.01,69.01,18.00,2632.28,0.00,0.00
817,56,1217.43,34415.01,15701.71,16278.44,2434.87,227.40,6.00,0.00
818,56,3156.37,93437.83,42669.95,44455.15,6312.73,50.11,6.00,0.00
819,56,2645.70,75444.38,34515.06,35637.93,5291.40,59.99,12.00,0.00
820,56,3240.13,92599.86,42209.76,43909.83,6480.27,41.10,9.00,0.00
821,56,1725.08,48738.31,22241.05,23047.09,3450.16,130.13,3.00,0.00
822,56,3033.50,86989.58,39642.43,41280.15,6066.99,47.47,11.00,0.00
823,56,1675.31,47707.71,21815.98,22541.12,3350.61,90.78,8.00,0.00
824,56,3035.76,87122.10,39749.85,41300.73,6071.52,49.21,19.00,0.00
825,56,1963.16,56131.50,25695.06,26510.12,3926.31,92.42,11.00,0.00
826,56,2670.84,74797.44,34099.92,35355.84,5341.67,50.11,17.00,0.00
827,56,3103.16,87274.45,39894.03,41174.10,6206.32,43.39,17.00,0.00
828,56,2190.80,63423.27,28873.39,30168.28,4381.60,87.56,11.00,0.00
829,56,1989.22,57115.28,26111.87,27024.97,3978.44,43.39,8.00,0.00
830,56,2734.73,75912.63,34589.64,35853.52,5469.47,54.83,14.00,0.00
831,56,1152.02,33259.60,15225.27,15730.28,2304.04,277.21,7.00,0.00
832,56,2140.82,59559.92,27114.43,28163.84,4281.65,51.02,10.00,0.00
833,56,2401.29,68644.66,31352.71,32489.37,4802.58,73.13,9.00,0.00
834,56,1547.01,43794.31,20012.14,20688.15,3094.02,112.67,5.00,0.00
835,56,2729.58,79244.81,36154.67,37630.98,5459.16,51.02,10.00,0.00
836,56,2869.41,82543.04,37715.25,39088.97,5738.82,51.94,19.00,0.00
837,56,1816.71,51957.80,23669.27,24655.11,3633.43,97.55,5.00,0.00
838,56,3048.63,85920.71,39199.08,40624.37,6097.26,42.61,11.00,0.00
839,56,418.13,11662.64,5319.66,5506.72,836.26,257.95,3.00,0.00
840,56,334.92,9464.70,4298.95,4495.91,669.84,1258.08,2.00,0.00
841,56,3.00,72.02,38.01,28.01,6.00,1376.60,0.00,0.00
842,56,4.00,81.99,34.00,40.00,8.00,2362.72,0.00,0.00
843,56,661.74,18742.70,8553.67,8865.55,1323.48,2828.87,4.00,0.00
844,56,2914.25,82997.07,37812.22,39356.35,5828.50,51.02,8.00,0.00
845,56,797.29,22724.19,10316.72,10812.90,1594.57,390.30,4.00,0.00
846,56,488.97,14231.25,6496.66,6756.64,977.95,759.88,2.00,0.00
847,56,7.00,205.95,95.98,95.98,14.00,1013.60,0.00,0.00
848,56,2089.77,59047.49,26936.03,27931.92,4179.54,147.61,13.00,0.00
849,56,3234.94,88840.47,40413.30,41957.28,6469.89,46.63,19.00,0.00
850,56,2909.79,82153.99,37429.26,38905.16,5819.57,44.17,12.00,0.00
851,56,2972.04,84070.23,38405.56,39720.58,5944.09,51.94,8.00,0.00
852,56,1603.17,44589.72,20373.16,21010.22,3206.34,95.81,6.00,0.00
853,56,2795.90,79625.77,36256.73,37777.23,5591.81,47.47,20.01,0.00
854,56,1562.33,44546.92,20350.28,21071.97,3124.66,200.47,4.00,0.00
855,56,3088.15,87087.18,39773.91,41137.97,6175.30,42.61,12.00,0.00
856,56,2305.85,65483.24,30015.11,30855.42,4612.71,69.29,10.00,0.00
857,56,1326.56,37574.42,17169.25,17752.06,2653.11,215.44,5.00,0.00
858,56,2916.03,84554.89,38558.41,40164.42,5832.06,51.02,16.00,0.00
859,56,1327.89,36283.13,16472.70,17154.64,2655.79,267.41,2.00,0.00
860,56,3351.09,96170.58,44015.18,45453.22,6702.18,37.56,13.00,0.00
861,56,2374.09,66345.44,30244.11,31353.15,4748.17,66.84,11.00,0.00
862,56,272.07,7942.13,3603.97,3794.02,544.15,223.34,4.00,0.00
863,56,1209.56,33128.02,15054.55,15654.34,2419.12,308.84,4.00,0.00
864,56,2458.34,69558.60,31770.39,32871.54,4916.68,43.39,9.00,0.00
865,56,2855.84,81880.27,37419.84,38749.76,5710.67,47.47,8.00,0.00
866,56,1315.03,35942.77,16326.35,16986.36,2630.06,125.52,7.00,0.00
867,56,31.01,844.33,385.15,396.16,63.02,943.16,0.00,0.00
868,56,1697.15,47923.03,21873.06,22655.67,3394.30,86.00,6.00,0.00
869,56,2062.38,57984.81,26523.95,27336.10,4124.77,46.63,9.00,0.00
870,56,2416.80,71163.24,32517.37,33812.26,4833.61,81.48,10.00,0.00
871,56,2309.03,66429.85,30327.39,31484.40,4618.06,64.47,9.00,0.00
872,56,2093.03,59939.98,27377.45,28376.46,4186.07,55.82,9.00,0.00
873,56,2687.70,75386.65,34342.95,35668.30,5375.40,46.63,9.00,0.00
874,56,1117.07,31346.91,14256.87,14855.91,2234.14,287.38,5.00,0.00
875,56,40.00,991.90,455.96,455.96,79.99,995.51,0.00,0.00
876,56,2456.27,70173.11,32055.46,33206.11,4911.54,55.82,10.00,0.00
877,56,2076.07,59301.93,27049.88,28098.92,4153.14,53.85,7.00,0.00
878,56,2237.94,63618.18,28987.17,30155.14,4475.87,80.03,10.00,0.00
879,56,1662.14,47770.97,21741.81,22704.89,3324.28,179.94,9.00,0.00
880,56,2185.99,63227.57,28842.80,30012.80,4371.97,70.55,8.00,0.00
881,56,2755.64,77266.02,35384.25,36370.48,5511.29,44.98,8.00,0.00
882,56,2545.40,73724.48,33736.98,34896.71,5090.79,56.84,10.00,0.00
883,56,1976.84,56024.49,25563.94,26506.87,3953.68,86.00,9.00,0.00
884,56,891.16,26325.61,12047.11,12496.19,1782.31,344.08,2.00,0.00
885,56,2053.56,57059.81,26028.44,26924.25,4107.12,71.83,13.00,0.00
886,56,2909.35,82821.97,37830.55,39172.71,5818.70,50.11,16.00,0.00
887,56,3218.77,90720.61,41455.08,42827.99,6437.55,41.10,14.00,0.00
888,56,2022.99,57419.65,26218.84,27154.84,4045.98,94.10,6.00,0.00
889,56,3266.00,94136.95,42949.98,44654.98,6532.00,41.85,15.00,0.00
890,56,876.05,24627.48,11246.68,11628.70,1752.11,475.79,1.00,0.00
891,56,2330.57,67875.52,30937.31,32277.07,4661.14,49.21,15.00,0.00
892,56,2786.57,80450.51,36695.53,38181.83,5573.14,51.94,15.00,0.00
893,56,1715.61,47299.91,21580.72,22287.97,3431.23,99.33,10.00,0.00
894,56,2233.14,64901.03,29691.58,30743.17,4466.28,82.96,9.00,0.00
895,56,2401.95,69838.54,31872.33,33162.31,4803.90,78.60,14.00,0.00
896,56,1854.99,52354.59,23816.81,24828.81,3708.97,84.47,6.00,0.00
897,56,2152.92,62864.85,28670.25,29887.77,4306.84,50.11,6.00,0.00
898,56,1572.99,45865.64,20942.83,21776.83,3145.98,193.38,8.00,0.00
899,56,915.55,27132.73,12362.95,12939.67,1830.10,467.30,4.00,0.00
900,56,3253.19,94603.45,43224.49,44871.58,6507.37,40.37,11.00,0.00
901,56,2818.96,79993.75,36460.43,37895.41,5637.91,52.89,9.00,0.00
902,56,1935.11,55815.12,25464.43,26480.48,3870.22,81.48,9.00,0.00
903,56,1405.74,39683.55,18081.61,18790.47,2811.47,155.80,4.00,0.00
904,56,2582.63,73238.13,33340.00,34732.88,5165.25,46.63,13.01,0.00
905,56,2745.61,79616.78,36306.66,37819.89,5490.23,66.84,16.99,0.00
906,56,1967.16,56893.64,25935.12,27023.21,3935.32,71.83,7.00,0.00
907,56,1706.92,47950.66,21846.94,22689.89,3413.83,153.02,4.00,0.00
908,56,1976.03,56825.91,25919.42,26954.43,3952.06,51.02,4.00,0.00
909,56,3220.83,91812.29,41838.85,43531.77,6441.67,51.02,10.00,0.00
910,56,2056.97,59797.23,27246.65,28436.63,4113.95,75.82,9.00,0.00
911,56,928.05,26180.30,11908.59,12415.62,1856.09,320.17,4.00,0.00
912,56,2801.96,80611.88,36737.49,38271.47,5602.92,50.11,9.00,0.00
913,56,2095.05,59978.34,27446.61,28340.63,4191.09,78.60,14.00,0.00
914,56,1695.96,47575.83,21722.46,22462.45,3390.92,81.48,5.00,0.00
915,56,3241.00,91957.02,42065.01,43409.01,6483.00,41.85,13.00,0.00
916,56,2387.94,69693.21,31857.18,33060.15,4775.88,75.82,7.00,0.00
917,56,2237.08,62920.35,28664.07,29782.11,4474.17,81.48,9.00,0.00
918,56,3312.01,93804.16,42781.07,44399.08,6624.01,41.85,17.00,0.00
919,56,1206.89,35355.66,16154.48,16787.42,2413.77,86.00,7.00,0.00
920,56,2805.33,80760.38,36824.28,38325.45,5610.65,48.34,16.00,0.00
921,56,2919.54,83526.43,38143.05,39544.31,5839.08,48.34,10.00,0.00
922,56,1050.62,29160.34,13323.13,13735.98,2101.23,344.08,3.00,0.00
923,56,2299.41,65223.49,29678.23,30946.45,4598.81,81.48,9.00,0.00
924,56,3188.77,89615.50,40871.03,42366.93,6377.54,41.85,12.00,0.00
925,56,3184.22,89961.18,40998.82,42593.93,6368.44,46.63,15.00,0.00
926,56,1988.00,57453.92,26193.96,27283.96,3975.99,70.55,10.00,0.00
927,56,1224.39,33924.77,15473.91,16002.08,2448.78,207.82,5.00,0.00
928,56,1973.15,54812.33,24999.20,25867.83,3945.30,118.92,7.00,0.00
929,56,2475.96,69879.84,31821.47,33104.45,4953.92,45.79,6.00,0.00
930,56,2295.28,65056.02,29647.65,30818.80,4589.57,77.19,13.00,0.00
931,56,3254.92,93229.82,42486.00,44233.96,6509.85,43.39,16.00,0.00
932,56,2187.86,63828.98,29075.38,30377.89,4375.71,92.42,13.01,0.00
933,56,1225.60,35761.28,16298.66,17011.43,2451.20,325.98,7.00,0.00
934,56,3395.88,95434.70,43490.50,45152.44,6791.77,41.85,16.00,0.00
935,56,2470.83,69617.08,31791.75,32883.68,4941.65,56.84,15.00,0.00
936,56,996.39,28477.12,12958.06,13526.28,1992.78,248.83,1.00,0.00
937,56,675.69,19663.03,8991.90,9319.75,1351.38,646.19,1.00,0.00
938,56,2626.96,74661.88,34071.49,35336.47,5253.92,58.92,9.00,0.00
939,56,2715.52,75645.62,34503.67,35710.90,5431.05,45.79,12.00,0.00
940,56,880.86,25184.90,11504.13,11919.06,1761.71,383.33,4.00,0.00
941,56,1760.24,50245.81,22916.11,23809.23,3520.48,82.96,6.00,0.00
942,56,3438.68,98941.66,45127.74,46936.57,6877.35,42.61,15.00,0.00
943,56,1746.84,50509.24,23112.09,23903.47,3493.68,73.13,9.00,0.00
944,56,1784.35,51564.16,23497.42,24498.05,3568.70,108.68,9.00,0.00
945,56,3386.78,96432.70,43983.13,45676.01,6773.56,41.10,10.00,0.00
946,56,1972.89,55495.05,25269.41,26279.86,3945.78,70.55,5.00,0.00
947,56,2638.75,74345.77,33963.91,35104.37,5277.50,54.83,10.99,0.00
948,56,3455.35,98053.81,44699.47,46443.65,6910.69,41.85,17.00,0.00
949,56,1275.76,36541.23,16712.91,17276.80,2551.53,262.64,9.00,0.00
950,56,3125.38,89094.88,40557.95,42286.17,6250.76,51.94,10.00,0.00
951,56,3231.79,90494.00,41159.27,42871.16,6463.57,45.79,17.00,0.00
952,56,3362.16,96244.61,43927.11,45595.19,6722.32,42.61,13.00,0.00
953,56,3022.29,84920.38,38700.58,40173.21,6046.59,44.17,12.01,0.00
954,56,1872.24,52326.81,23864.34,24718.99,3743.48,179.94,7.00,0.00
955,56,3452.10,96810.90,44165.32,45740.37,6905.21,39.65,12.00,0.00
956,56,3073.01,86431.28,39399.89,40885.38,6146.01,47.47,5.00,0.00
957,56,2866.01,81926.82,37320.16,38874.63,5732.03,54.83,13.00,0.00
958,56,1291.49,37053.93,16867.34,17603.62,2582.97,137.35,5.00,0.00
959,56,2652.93,73873.18,33605.43,34961.89,5305.86,66.84,13.99,0.00
960,56,3312.87,96666.21,44106.27,45934.20,6625.74,42.61,16.00,0.00
961,56,1837.08,52932.20,24117.00,25142.04,3673.15,189.93,7.00,0.00
962,56,1396.74,40233.51,18358.58,19080.45,2794.48,215.44,5.00,0.00
963,56,2998.63,84707.69,38564.05,40147.38,5996.25,51.02,9.00,0.00
964,56,3418.73,95231.55,43430.60,44963.48,6837.46,39.65,21.00,0.00
965,56,1084.07,30484.02,13842.92,14471.96,2169.14,253.35,2.00,0.00
966,56,2441.36,69328.71,31701.64,32744.36,4882.71,97.55,12.00,0.00
967,56,3477.55,98040.60,44803.13,46282.36,6955.11,40.37,19.00,0.00
968,56,2475.26,69356.31,31631.34,32774.46,4950.52,52.89,8.00,0.00
969,56,1701.64,51362.46,23414.87,24544.30,3403.29,75.82,7.00,0.00
970,56,1944.34,55019.32,25177.45,25953.19,3888.68,173.58,6.00,0.00
971,56,3352.79,94465.99,42932.27,44828.15,6705.57,41.85,10.00,0.00
972,56,2724.16,76746.55,35009.07,36289.15,5448.32,51.02,11.00,0.00
973,56,1327.10,36594.80,16632.27,17308.32,2654.20,104.84,3.00,0.00
974,56,1088.95,31636.63,14429.38,15029.35,2177.91,520.62,4.00,0.00
975,56,1128.15,32627.34,14879.98,15491.06,2256.30,183.21,3.00,0.00
976,56,2142.35,62533.98,28561.31,29687.97,4284.70,144.97,6.00,0.00
977,56,3651.44,102411.40,46832.67,48275.85,7302.88,36.89,16.00,0.00
978,56,3348.14,94347.01,43011.83,44638.90,6696.28,44.98,17.00,0.00
979,56,3475.87,98478.31,44891.32,46635.25,6951.74,41.10,15.00,0.00
980,56,2175.00,62319.13,28466.06,29503.06,4350.01,62.19,13.00,0.00
981,56,1461.98,40621.58,18536.81,19160.80,2923.97,235.74,9.00,0.00
982,56,3194.03,90531.92,41189.42,42954.43,6388.06,48.34,15.00,0.00
983,56,3654.07,102701.94,46851.88,48541.92,7308.14,37.56,20.00,0.00
984,56,2969.93,85533.91,39082.30,40511.75,5939.87,47.47,11.00,0.00
985,56,1380.46,38654.87,17605.11,18288.84,2760.92,272.27,7.00,0.00
986,56,3059.22,86458.34,39397.89,40942.00,6118.45,47.47,15.00,0.00
987,56,3545.59,100931.25,45903.66,47936.42,7091.17,44.98,16.00,0.00
988,56,3059.42,88842.10,40545.52,42178.74,6117.83,44.98,9.00,0.00
989,56,3602.99,102673.73,46815.88,48650.87,7206.98,36.24,13.00,0.00
990,56,3456.83,97785.13,44576.78,46294.69,6913.66,44.17,19.00,0.00
991,56,717.01,20459.21,9329.09,9696.10,1434.01,520.62,2.00,0.00
992,56,1786.04,51774.21,23587.55,24614.58,3572.08,77.19,10.00,0.00
993,56,3380.80,95557.41,43684.45,45111.36,6761.60,41.10,17.00,0.00
994,56,3447.84,100530.19,45879.80,47754.72,6895.67,41.85,17.00,0.00
995,56,3468.21,99005.02,45222.75,46845.85,6936.42,38.25,21.00,0.00
996,56,3588.60,101229.62,46228.80,47824.63,7176.19,37.56,5.00,0.00
997,56,1808.99,51717.75,23618.89,24479.88,3618.98,80.03,8.00,0.00
998,56,3502.24,99563.91,45483.16,47076.27,7004.49,39.65,14.00,0.00
999,56,3173.71,91933.53,41883.14,43702.97,6347.42,46.63,16.00,0.00
1000,56,3683.31,104436.84,47598.03,49472.19,7366.62,38.25,21.00,0.00
1001,56,3027.21,85837.22,39173.62,40609.19,6054.41,42.61,14.01,0.00
1002,56,1861.18,53352.60,24369.31,25260.92,3722.37,77.19,7.00,0.00
1003,56,3392.41,96686.56,44176.28,45726.47,6783.81,44.17,19.00,0.00
1004,56,3329.18,94380.80,43036.42,44685.02,6659.36,43.39,13.00,0.00
1005,56,3113.81,90562.50,41333.96,43000.93,6227.61,39.65,15.01,0.00
1006,56,1433.39,41414.51,18881.02,19666.69,2866.79,363.18,7.00,0.00
1007,56,1949.16,54705.52,24901.06,25906.14,3898.32,73.13,13.00,0.00
1008,56,3345.97,93427.27,42606.67,44128.66,6691.95,44.17,9.00,0.00
1009,56,3727.03,104112.90,47410.41,49248.42,7454.06,37.56,14.00,0.00
1010,56,2826.09,81023.29,36922.26,38448.85,5652.18,50.11,11.00,0.00
1011,56,1208.47,35255.51,16103.92,16734.65,2416.94,344.08,7.00,0.00
1012,56,2543.75,69227.16,31577.88,32561.78,5087.50,57.87,10.00,0.00
1013,56,3319.31,96642.10,44106.15,45898.32,6637.62,47.47,17.00,0.00
1014,56,3820.99,106879.71,48767.87,50468.86,7642.98,34.33,11.00,0.00
1015,56,3664.14,104679.03,47790.84,49559.91,7328.28,38.25,13.00,0.00
1016,56,2343.01,66008.17,30133.08,31189.08,4686.01,55.82,8.00,0.00
1017,56,3436.65,98835.00,45164.43,46797.27,6873.30,40.37,18.00,0.00
1018,56,3825.10,107051.71,48827.24,50574.28,7650.19,34.95,11.00,0.00
1019,56,3394.55,95324.33,43520.22,45015.02,6789.10,41.85,18.00,0.00
1020,56,2530.15,69979.85,31916.53,33003.02,5060.30,44.98,8.00,0.00
1021,56,2428.39,70346.43,32078.21,33411.43,4856.79,53.85,11.00,0.00
1022,56,2082.18,57708.23,26331.61,27212.26,4164.36,78.60,9.00,0.00
1023,56,3643.72,101160.33,46072.51,47800.37,7287.45,44.17,13.00,0.00
1024,56,3661.99,104454.73,47613.88,49516.87,7323.98,38.25,19.00,0.00
1025,56,2959.18,82598.91,37722.24,38958.31,5918.35,58.92,10.00,0.00
1026,56,1717.91,50675.38,23142.80,24096.76,3435.82,56.84,9.00,0.00
1027,56,394.17,11150.94,5075.25,5287.34,788.35,78.60,4.00,0.00
1028,56,2605.02,74147.11,33803.28,35133.78,5210.04,64.47,9.00,0.00
1029,56,3683.99,102527.62,46835.82,48323.82,7367.97,36.24,18.00,0.00
1030,56,3694.92,105575.79,48148.99,50036.95,7389.85,38.94,22.00,0.00
1031,56,2072.08,59695.21,27231.01,28320.05,4144.15,108.68,7.00,0.00
1032,56,1798.80,51307.80,23405.40,24304.80,3597.60,62.19,11.00,0.00
1033,56,1683.94,47978.93,21909.27,22701.77,3367.89,320.17,7.99,0.00
1034,56,2690.33,75771.30,34496.24,35894.41,5380.66,56.84,11.00,0.00
1035,56,3841.08,110880.30,50578.05,52620.09,7682.16,36.89,16.00,0.00
1036,56,3694.73,106001.22,48413.45,50198.31,7389.46,35.59,16.00,0.00
1037,56,2979.30,84870.63,38706.93,40205.09,5958.61,50.11,8.00,0.00
1038,56,2478.98,68428.00,31195.31,32274.74,4957.96,44.17,17.01,0.00
1039,56,2344.09,64521.98,29350.62,30483.18,4688.18,95.81,12.00,0.00
1040,56,2876.84,83807.41,38210.91,39842.82,5753.69,51.94,4.00,0.00
1041,56,3537.94,102683.20,46856.18,48751.14,7075.88,41.10,17.00,0.00
1042,56,3621.24,104474.88,47697.14,49536.26,7241.48,38.25,15.00,0.00
1043,56,2446.99,70157.64,32051.83,33211.83,4893.97,49.21,6.00,0.00
1044,56,2041.67,57653.97,26251.64,27317.99,4084.34,95.81,11.00,0.00
1045,56,2702.08,78837.28,35895.83,37537.28,5404.17,73.13,15.99,0.00
1046,56,3673.75,107098.82,48852.72,50898.59,7347.51,41.10,16.00,0.00
1047,56,3914.29,108775.06,49670.68,51275.80,7828.58,34.33,20.00,0.00
1048,56,2789.98,79645.53,36333.79,37732.78,5578.97,43.39,14.00,0.00
1049,56,2123.77,60710.94,27718.01,28744.39,4248.54,48.34,6.00,0.00
1050,56,3105.65,88240.64,40257.50,41771.84,6211.30,53.85,11.99,0.00
1051,56,3536.16,99437.42,45298.01,47067.09,7072.31,41.85,18.00,0.00
1052,56,3637.83,103173.25,47135.83,48761.75,7275.66,38.94,16.00,0.00
1053,56,3694.46,103265.81,47114.84,48762.05,7388.92,39.65,22.00,0.00
1054,56,2478.71,71315.69,32588.20,33771.07,4956.42,57.87,14.00,0.00
1055,56,2915.36,81794.20,37263.65,38698.82,5831.73,55.82,12.00,0.00
1056,56,3377.99,96265.58,43962.81,45547.80,6754.97,42.61,14.00,0.00
1057,56,3606.56,100896.60,46083.34,47600.15,7213.11,38.94,20.00,0.00
1058,56,3728.14,105146.85,48017.76,49671.82,7457.27,36.24,16.00,0.00
1059,56,2930.23,82560.46,37593.94,39106.06,5860.46,40.37,14.00,0.00
1060,56,3265.38,94778.09,43230.28,45017.04,6530.76,40.37,16.01,0.00
1061,56,2448.80,73928.88,33754.51,35276.76,4897.61,73.13,12.99,0.00
1062,56,3585.07,102881.89,46965.86,48745.89,7170.13,38.94,13.00,0.00
1063,56,3830.21,107519.79,49022.64,50836.74,7660.41,39.65,13.00,0.00
1064,56,2399.87,66385.15,30236.00,31349.40,4799.75,48.34,8.00,0.00
1065,56,3232.13,92611.67,42267.68,43879.74,6464.26,50.11,20.00,0.00
1066,56,248.99,7630.71,3509.87,3622.86,497.98,314.45,1.00,0.00
1067,56,1333.02,37829.65,17274.30,17889.31,2666.05,376.49,10.00,0.00
1068,56,2342.92,66502.25,30315.98,31500.43,4685.83,54.83,12.99,0.00
1069,56,1491.73,42550.83,19372.48,20194.89,2983.46,125.52,4.00,0.00
1070,56,2499.92,68570.51,31307.54,32263.12,4999.85,66.84,11.99,0.00
1071,56,3456.60,98357.53,44880.77,46563.57,6913.19,41.85,13.00,0.00
1072,56,3839.45,106056.34,48366.63,50010.82,7678.89,38.94,11.00,0.00
1073,56,3519.20,98976.69,45123.36,46814.93,7038.40,38.94,20.01,0.00
1074,56,2960.88,83789.44,38148.63,39719.04,5921.77,53.85,13.99,0.00
1075,56,2615.13,74130.67,33856.67,35044.73,5229.26,71.83,18.00,0.00
1076,56,1525.65,43147.41,19667.39,20427.72,3052.30,173.58,13.01,0.00
1077,56,1817.26,51729.93,23589.39,24506.02,3634.52,223.34,7.00,0.00
1078,56,1681.58,47674.20,21769.61,22541.42,3363.17,161.51,14.00,0.00
1079,56,2735.66,77690.68,35500.54,36718.83,5471.32,55.82,15.00,0.00
1080,56,3397.93,95225.99,43509.08,44921.05,6795.86,38.94,16.00,0.00
1081,56,3622.82,101909.83,46512.64,48151.56,7245.63,41.85,17.00,0.00
1082,56,3484.74,99319.68,45297.66,47052.53,6969.49,44.17,12.00,0.00
1083,56,3558.46,102384.34,46771.10,48496.32,7116.93,39.65,13.00,0.00
1084,56,812.27,22186.41,10089.37,10472.50,1624.54,267.41,4.00,0.00
1085,56,1230.55,33728.58,15402.33,15865.16,2461.09,427.07,5.00,0.00
1086,56,2545.05,72943.51,33226.69,34626.71,5090.11,62.19,13.00,0.00
1087,56,3578.08,101500.34,46285.07,48059.11,7156.17,44.17,13.00,0.00
1088,56,3556.96,100806.82,45919.46,47773.44,7113.92,38.25,24.00,0.00
1089,56,3122.92,89799.60,40967.90,42585.86,6245.83,55.82,6.00,0.00
1090,56,2353.09,67087.68,30540.22,31842.27,4705.19,69.29,8.00,0.00
1091,56,1820.73,52158.23,23828.45,24687.32,3642.46,153.02,14.00,0.00
1092,56,2305.67,63673.52,29058.45,30003.73,4611.34,66.84,10.00,0.00
1093,56,2568.46,72806.55,33184.96,34484.68,5136.91,63.32,11.00,0.00
1094,56,1992.77,56388.56,25718.06,26684.95,3985.55,139.85,5.00,0.00
1095,56,2669.46,75583.94,34500.91,35744.12,5338.91,45.79,10.00,0.00
1096,56,659.19,18237.32,8353.43,8565.50,1318.38,204.11,1.00,0.00
1097,56,2700.01,75178.38,34240.42,35537.95,5400.02,51.94,13.00,0.00
1098,56,3491.11,99944.20,45689.46,47272.51,6982.22,39.65,10.00,0.00
1099,56,3765.25,109011.34,49745.35,51735.49,7530.51,39.65,9.00,0.00
1100,56,3861.86,109350.09,49807.22,51819.15,7723.72,36.89,19.00,0.00
1101,56,2386.85,66984.93,30533.91,31677.32,4773.71,45.79,9.00,0.00
1102,56,1255.41,36703.77,16785.12,17407.83,2510.82,64.47,8.00,0.00
1103,56,2055.01,58912.89,26933.21,27869.67,4110.02,62.19,11.01,0.00
1104,56,13.00,213.01,90.00,97.00,26.00,1149.76,0.00,0.00
1105,56,14.99,382.84,173.93,178.93,29.99,2159.29,0.00,0.00
1106,56,2409.05,69848.32,31847.60,33182.63,4818.09,65.65,12.00,0.00
1107,56,2079.74,59306.65,27092.64,28054.52,4159.48,114.72,7.00,0.00
1108,56,1170.16,32050.31,14599.96,15110.03,2340.31,267.41,6.00,0.00
1109,56,2024.01,57235.35,26076.16,27111.17,4048.02,53.85,15.00,0.00
1110,56,1810.12,51886.57,23715.63,24550.69,3620.25,99.33,9.00,0.00
1111,56,2918.64,83125.78,37898.34,39390.16,5837.28,57.87,10.00,0.00
1112,56,3143.16,91398.79,41682.19,43430.28,6286.33,50.11,13.00,0.00
1113,56,3778.75,106048.06,48306.84,50183.71,7557.51,41.10,18.00,0.00
1114,56,3845.00,111445.04,50870.02,52885.02,7690.00,36.24,14.00,0.00
1115,56,3923.65,109811.25,50138.55,51825.40,7847.30,34.95,14.00,0.00
1116,56,1929.18,53917.94,24547.25,25512.34,3858.35,219.36,5.00,0.00
1117,56,2505.70,70397.49,32052.13,33334.97,5010.39,69.29,9.00,0.00
1118,56,2712.39,78145.14,35669.32,37050.03,5425.79,52.89,17.01,0.00
1119,56,1122.93,32530.95,14807.07,15478.02,2245.86,292.60,0.00,0.00
1120,56,3033.50,86934.97,39699.35,41168.62,6067.00,51.02,10.99,0.00
1121,56,3325.39,93592.94,42664.99,44277.18,6650.78,49.21,13.00,0.00
1122,56,3755.27,105306.68,48046.50,49749.63,7510.55,38.94,18.00,0.00
1123,56,4004.96,113509.86,51680.48,53819.46,8009.92,35.59,11.00,0.00
1124,56,3726.09,102905.54,46867.16,48586.20,7452.18,40.37,15.00,0.00
1125,56,2953.85,84232.82,38399.09,39926.02,5907.71,63.32,15.00,0.00
1126,56,2364.66,67724.14,30872.50,32122.32,4729.31,66.84,9.00,0.00
1127,56,1464.80,42026.08,19195.54,19900.93,2929.61,134.90,7.00,0.00
1128,56,2937.91,83446.96,38070.84,39500.31,5875.81,59.99,9.00,0.00
1129,56,3596.90,103116.19,46864.72,49057.66,7193.80,47.47,14.00,0.00
1130,56,3954.78,112430.87,51186.21,53336.09,7908.57,38.94,20.00,0.00
1131,56,3989.29,110703.05,50494.67,52228.80,7979.58,36.24,8.00,0.00
1132,56,2488.88,72891.53,33302.41,34611.35,4977.76,94.10,11.00,0.00
1133,56,1962.87,54433.26,24799.05,25708.46,3925.75,51.94,8.00,0.00
1134,56,1750.63,48489.73,22146.31,22842.16,3501.26,57.87,3.00,0.00
1135,56,927.11,26859.29,12295.51,12709.56,1854.23,112.67,6.00,0.00
1136,56,11.00,463.03,214.02,227.02,22.00,1376.60,0.00,0.00
1137,56,1274.39,36575.39,16636.99,17389.63,2548.77,303.33,4.00,0.00
1138,56,707.14,18849.75,8541.70,8893.77,1414.28,158.63,1.00,0.00
1139,56,2344.56,65116.69,29712.38,30715.19,4689.11,89.16,12.00,0.00
1140,56,3750.13,105970.77,48323.72,50146.78,7500.27,36.24,18.00,0.00
1141,56,266.13,6686.21,3047.46,3106.49,532.26,383.33,0.00,0.00
1142,56,203.93,5521.03,2488.11,2625.07,407.85,1903.57,3.00,0.00
1143,56,38.01,952.13,429.06,447.06,76.01,943.16,0.00,0.00
1144,56,1408.20,39641.65,18091.58,18733.67,2816.40,110.66,4.00,0.00
1145,56,38.00,1183.07,542.03,565.03,76.00,458.96,0.00,0.00
1146,56,119.99,3510.80,1589.91,1680.91,239.99,1352.03,0.00,0.00
1147,56,15.00,353.94,162.97,160.97,29.99,1618.78,0.00,0.00
1148,56,3424.32,98935.47,45098.10,46988.73,6848.65,47.47,13.00,0.00
1149,56,3272.98,92697.39,42194.72,43956.71,6545.96,49.21,19.00,0.00
1150,56,3737.84,107975.51,49236.95,51262.87,7475.69,39.65,17.00,0.00
1151,56,3899.22,112543.24,51425.85,53318.96,7798.43,34.95,11.00,0.00
1152,56,3652.14,103070.92,47057.79,48708.85,7304.28,43.39,10.00,0.00
1153,56,2870.00,82092.01,37567.01,38785.01,5740.00,57.87,17.00,0.00
1154,56,2569.00,72582.98,33136.99,34307.99,5138.00,38.25,9.00,0.00
1155,56,1648.90,45846.34,20873.79,21674.74,3297.81,139.85,6.00,0.00
1156,56,2974.07,84073.25,38358.80,39766.31,5948.14,51.02,10.00,0.00
1157,56,1739.27,49642.65,22668.49,23495.62,3478.54,130.13,6.00,0.00
1158,56,2641.65,75681.24,34584.29,35814.66,5282.29,45.79,9.99,0.00
1159,56,3451.16,97542.38,44455.00,46184.07,6903.31,44.17,12.00,0.00
1160,56,3865.98,108323.51,49495.78,51095.77,7731.97,34.33,9.00,0.00
1161,56,3843.01,112469.26,51323.12,53460.12,7686.02,37.56,21.00,0.00
1162,56,3229.91,92222.39,42040.81,43721.76,6459.82,36.89,14.00,0.00
1163,56,1131.97,30571.27,13921.67,14385.66,2263.95,383.33,6.00,0.00
1164,56,3916.98,111004.48,50687.76,52482.75,7833.96,36.24,15.00,0.00
1165,56,707.30,20800.87,9454.03,9932.24,1414.60,51.94,2.00,0.00
1166,56,6.00,297.00,140.00,145.00,12.00,1561.52,0.00,0.00
1167,56,1369.02,38720.45,17699.20,18283.21,2738.03,94.10,5.00,0.00
1168,56,929.00,26504.10,12062.04,12584.05,1858.01,320.17,5.00,0.00
1169,56,3314.87,94462.22,43028.28,44804.21,6629.73,41.85,12.00,0.00
1170,56,7.00,140.00,62.00,64.00,14.00,816.63,0.00,0.00
1171,56,25.00,757.02,350.01,357.01,50.00,1973.38,0.00,0.00
1172,56,3.00,150.00,70.00,74.00,6.00,2728.81,0.00,0.00
1173,56,2731.83,78204.38,35658.67,37082.06,5463.65,73.13,13.99,0.00
1174,56,3278.09,91316.50,41598.14,43162.18,6556.18,45.79,11.00,0.00
1175,56,3591.06,103365.87,47206.85,48976.88,7182.13,42.61,14.00,0.00
1176,56,3763.85,105717.84,48188.10,50002.03,7527.70,35.59,26.00,0.00
1177,56,3797.20,106638.64,48688.57,50355.66,7594.40,37.56,15.00,0.00
1178,56,2898.85,83232.71,37956.04,39478.97,5797.70,48.34,8.00,0.00
1179,56,1624.06,45727.79,20800.81,21678.85,3248.13,179.94,4.00,0.00
1180,56,1574.58,44791.37,20407.46,21234.76,3149.15,142.39,7.00,0.00
1181,56,475.83,13734.13,6223.79,6558.67,951.66,1032.01,1.00,0.00
1182,56,2150.03,61008.78,27789.36,28919.37,4300.05,59.99,13.00,0.00
1183,56,1954.93,54507.95,24886.06,25712.03,3909.85,70.55,8.00,0.00
1184,56,3520.21,99720.09,45529.78,47149.88,7040.43,43.39,17.00,0.00
1185,56,3324.96,93089.82,42504.46,43935.44,6649.92,44.98,11.00,0.00
1186,56,3778.46,106994.67,48787.01,50651.74,7555.92,36.24,15.00,0.00
1187,56,3846.67,109813.00,50079.67,52039.01,7694.33,36.89,16.00,0.00
1188,56,3765.53,107554.60,49131.88,50891.66,7531.06,38.25,12.00,0.00
1189,56,1619.75,47049.84,21474.97,22335.37,3239.50,173.58,12.01,0.00
1190,56,2196.20,63588.93,29006.48,30190.05,4392.41,139.85,9.00,0.00
1191,56,563.23,15866.39,7241.92,7498.02,1126.45,150.29,2.00,0.00
1192,56,475.68,13318.07,6080.92,6285.79,951.36,1304.21,0.00,0.00
1193,56,2303.63,64026.25,29148.60,30270.39,4607.26,104.84,11.01,0.00
1194,56,1060.96,29773.90,13592.50,14059.48,2121.92,207.82,8.00,0.00
1195,56,2553.71,73042.15,33341.18,34593.55,5107.42,55.82,10.99,0.00
1196,56,3344.33,94902.28,43323.24,44890.39,6688.65,45.79,15.00,0.00
1197,56,3696.04,105245.01,47923.46,49929.48,7392.07,39.65,14.00,0.00
1198,56,3863.06,107510.54,49033.70,50750.73,7726.11,36.89,21.00,0.00
1199,56,3396.15,93717.74,42774.49,44150.95,6792.30,41.85,16.01,0.00
1200,56,2956.91,83185.37,37929.03,39342.51,5913.82,55.82,12.00,0.00
1201,56,1861.62,53533.86,24443.16,25367.47,3723.24,92.42,14.00,0.00
1202,56,35.00,997.06,456.03,471.03,70.00,1149.76,0.00,0.00
1203,56,6.00,253.94,116.97,124.97,12.00,2082.91,0.00,0.00
1204,56,6.00,171.04,71.02,88.02,12.00,2880.27,0.00,0.00
1205,56,1096.73,30764.54,14047.59,14523.48,2193.47,475.79,12.00,0.00
1206,56,949.03,26835.85,12195.38,12742.40,1898.06,287.38,3.00,0.00
1207,56,1297.11,36499.06,16650.39,17254.44,2594.22,303.33,9.00,0.00
1208,56,82.00,2410.94,1107.97,1138.97,164.00,434.83,1.00,0.00
1209,56,804.90,22713.06,10386.66,10716.61,1609.79,1618.78,4.00,0.00
1210,56,17.00,456.13,210.06,212.06,34.01,960.30,0.00,0.00
1211,56,558.01,15985.28,7303.13,7566.13,1116.02,1869.60,4.00,0.00
1212,56,2167.63,62164.43,28391.17,29438.00,4335.26,55.82,9.00,0.00
1213,56,3287.06,91976.70,41991.99,43411.59,6573.12,41.85,7.00,0.00
1214,56,3698.71,103742.93,47287.32,49057.18,7398.42,38.94,11.00,0.00
1215,56,3786.74,108266.57,49338.62,51355.48,7572.48,38.94,20.00,0.00
1216,56,3898.77,110980.98,50600.02,52582.41,7798.54,34.95,18.00,0.00
1217,56,3544.09,98772.45,44925.11,46759.16,7088.18,41.10,16.00,0.00
1218,56,3722.63,105131.62,47956.26,49730.09,7445.26,37.56,22.00,0.00
1219,56,2316.93,64770.88,29514.79,30622.24,4633.85,61.08,13.01,0.00
1220,56,2519.89,70707.87,32233.57,33434.52,5039.78,61.08,11.00,0.00
1221,56,706.08,20091.30,9183.05,9496.09,1412.16,511.33,2.00,0.00
1222,56,2822.95,80187.14,36582.38,37958.87,5645.90,56.84,11.00,0.00
1223,56,3316.68,93368.94,42582.87,44152.71,6633.36,45.79,15.00,0.00
1224,56,3715.35,105638.84,48197.49,50010.66,7430.69,38.94,20.00,0.00
1225,56,3840.55,110694.13,50571.12,52442.90,7680.11,35.59,18.00,0.00
1226,56,3890.35,109604.80,49931.47,51891.64,7781.70,36.24,19.00,0.00
1227,56,2436.79,69483.04,31676.28,32933.18,4873.58,70.55,9.00,0.00
1228,56,1153.57,31454.51,14318.06,14829.31,2307.14,52.89,7.00,0.00
1229,56,1233.43,33731.43,15380.90,15883.67,2466.86,65.65,6.00,0.00
1230,56,43.02,1227.56,563.26,578.26,86.04,787.74,0.00,0.00
1231,56,1939.98,55849.59,25423.61,26546.02,3879.96,155.80,7.00,0.00
1232,56,1458.07,41525.85,18936.85,19672.88,2916.13,272.27,8.00,0.00
1233,56,499.05,13800.36,6246.61,6555.64,998.10,450.77,0.00,0.00
1234,56,3204.96,90942.11,41491.37,43040.83,6409.91,44.98,12.00,0.00
1235,56,1570.34,44311.44,20211.53,20959.22,3140.68,219.36,9.00,0.00
1236,56,2369.05,68236.36,31150.62,32347.64,4738.09,92.42,12.00,0.00
1237,56,3597.29,100915.24,46015.76,47705.89,7193.59,38.94,16.00,0.00
1238,56,3613.98,102944.46,46846.75,48868.74,7228.96,43.39,15.00,0.00
1239,56,3871.94,109784.40,50164.27,51876.25,7743.89,34.95,22.00,0.00
1240,56,3786.10,108062.92,49311.33,51180.38,7571.20,37.56,17.00,0.00
1241,56,2837.70,81028.57,36966.16,38386.01,5676.41,52.89,9.00,0.00
1242,56,2982.92,85296.30,38838.97,40491.48,5965.84,37.56,7.00,0.00
1243,56,9.00,186.04,82.02,86.02,18.00,926.33,0.00,0.00
1244,56,832.82,23133.02,10579.72,10887.66,1665.64,1352.03,3.00,0.00
1245,56,17.00,587.85,265.93,287.93,33.99,1170.65,0.00,0.00
1246,56,1817.89,52447.77,23924.52,24887.47,3635.78,158.63,10.00,0.00
1247,56,2197.42,62596.96,28591.46,29610.66,4394.84,61.08,9.00,0.00
1248,56,2452.66,71745.19,32763.76,34076.11,4905.31,71.83,5.00,0.00
1249,56,2444.13,68498.71,31231.93,32378.52,4888.27,70.55,11.00,0.00
1250,56,3256.01,92202.25,42073.11,43617.12,6512.02,46.63,11.00,0.00
1251,56,3858.95,108830.66,49637.39,51475.37,7717.91,36.24,11.00,0.00
1252,56,3910.80,109772.48,50075.48,51875.39,7821.61,34.95,14.00,0.00
1253,56,3738.94,106597.24,48593.20,50526.16,7477.88,38.25,17.00,0.00
1254,56,1247.56,34901.80,15905.20,16501.47,2495.13,41.85,3.00,0.00
1255,56,2052.96,59397.83,27016.28,28275.64,4105.91,68.05,9.00,0.00
1256,56,2699.82,78012.85,35659.65,36953.56,5399.64,46.63,14.00,0.00
1257,56,65.02,2005.57,916.26,959.27,130.04,590.56,0.00,0.00
1258,56,6.00,263.92,125.96,125.96,12.00,2009.23,0.00,0.00
1259,56,27.01,823.45,377.21,392.22,54.03,2238.47,0.00,0.00
1260,56,8.00,276.00,129.00,131.00,16.00,3773.42,0.00,0.00
1261,56,9.00,225.95,102.98,104.98,18.00,4768.67,0.00,0.00
1262,56,2658.68,77750.68,35492.74,36941.57,5316.36,64.47,16.00,0.00
1263,56,1954.07,56654.93,25841.88,26903.91,3909.13,97.55,8.00,0.00
1264,56,1459.47,41304.30,18827.06,19558.30,2918.94,89.16,5.00,0.00
1265,56,28.99,918.83,421.92,438.92,57.99,646.19,1.00,0.00
1266,56,4.00,125.02,56.01,61.01,8.00,1708.63,0.00,0.00
1267,56,17.00,347.04,148.02,165.02,34.00,2880.27,0.00,0.00
1268,56,1956.72,55034.94,25152.52,25968.99,3913.44,47.47,12.99,0.00
1269,56,3251.66,94091.98,42877.65,44711.02,6503.31,45.79,13.00,0.00
1270,56,3644.06,103526.69,47279.77,48958.80,7288.12,41.10,22.00,0.00
1271,56,3887.98,109121.55,49718.80,51626.79,7775.97,35.59,24.00,0.00
1272,56,3443.83,99646.14,45515.78,47242.70,6887.66,40.37,14.00,0.00
1273,56,293.15,7914.00,3619.83,3707.87,586.30,82.96,1.00,0.00
1274,56,3316.58,94998.31,43238.48,45126.67,6633.16,43.39,10.00,0.00
1275,56,2067.98,58507.57,26680.80,27690.80,4135.97,45.79,14.00,0.00
1276,56,5.00,192.05,93.02,89.02,10.00,995.51,0.00,0.00
1277,56,1281.06,36398.78,16599.81,17236.84,2562.13,101.13,5.00,0.00
1278,56,6.00,208.94,100.97,95.97,12.00,893.56,0.00,0.00
1279,56,5.00,133.03,63.02,60.02,10.00,1903.57,0.00,0.00
1280,56,8.00,218.02,99.01,103.01,16.00,3040.14,0.00,0.00
1281,56,1032.92,28886.85,13144.02,13676.98,2065.85,325.98,4.00,0.00
1282,56,1147.53,32957.48,15021.84,15639.59,2296.06,475.79,5.00,0.00
1283,56,228.10,6586.83,3000.29,3131.35,455.20,325.98,0.00,0.00
1284,56,3.00,137.97,67.99,63.99,6.00,1836.24,0.00,0.00
1285,56,6.00,170.03,77.02,81.02,12.00,2632.28,0.00,0.00
1286,56,1970.21,54667.10,24951.00,25775.67,3940.42,42.61,10.00,0.00
1287,56,1076.57,31039.30,14168.44,14717.73,2153.13,102.97,4.00,0.00
1288,56,1716.80,50386.24,23003.37,23949.26,3433.61,65.65,5.00,0.00
1289,56,7.00,138.01,64.00,60.00,14.00,1149.76,0.00,0.00
1290,56,485.94,13174.40,5990.27,6212.25,971.88,1708.63,4.00,0.00
1291,56,7.00,320.04,149.02,157.02,14.00,1327.91,0.00,0.00
1292,56,146.00,4269.94,1944.97,2032.97,292.00,2238.47,0.00,0.00
1293,56,2048.22,56797.43,25945.14,26755.84,4096.44,179.94,9.00,0.00
1294,56,1205.45,35206.28,16067.06,16728.31,2410.91,240.02,9.00,0.00
1295,56,2851.67,82554.59,37679.47,39171.78,5703.35,53.85,10.99,0.00
1296,56,3740.97,105778.25,48162.66,50133.65,7481.95,37.56,12.00,0.00
1297,56,3849.91,108994.53,49653.87,51640.83,7699.83,35.59,17.00,0.00
1298,56,3703.58,106119.58,48534.58,50177.84,7407.16,34.95,22.00,0.00
1299,56,3381.10,94969.90,43352.33,44855.37,6762.21,43.39,10.00,0.00
1300,56,2991.88,84325.57,38457.44,39884.38,5983.76,42.61,18.00,0.00
1301,56,2038.93,56387.19,25743.17,26566.15,4077.87,80.03,12.00,0.00
1302,56,2205.58,63062.52,28749.53,29901.83,4411.16,101.13,11.00,0.00
1303,56,144.02,3835.41,1756.19,1791.19,288.03,303.33,0.00,0.00
1304,56,3.00,200.96,102.98,91.98,6.00,1258.08,0.00,0.00
1305,56,150.02,4608.64,2118.29,2190.30,300.04,2198.52,1.00,0.00
1306,56,1551.31,43791.63,19979.16,20709.84,3102.63,297.92,9.00,0.00
1307,56,1873.38,51545.36,23495.72,24302.89,3746.75,54.83,9.00,0.00
1308,56,9.00,314.00,148.00,148.00,18.00,1235.62,0.00,0.00
1309,56,261.07,7710.15,3496.97,3691.03,522.15,1803.47,1.00,0.00
1310,56,4.00,108.00,48.00,52.00,8.00,1401.61,0.00,0.00
1311,56,1603.16,46073.77,20986.96,21880.49,3206.31,253.35,9.99,0.00
1312,56,2852.47,81918.38,37304.09,38909.36,5704.93,51.02,17.00,0.00
1313,56,3399.93,94690.96,43184.07,44708.04,6798.85,45.79,11.00,0.00
1314,56,3630.19,103131.53,47188.53,48681.61,7261.39,37.56,14.00,0.00
1315,56,3779.63,108926.47,49614.20,51754.00,7558.27,35.59,15.00,0.00
1316,56,3784.28,107379.95,48957.62,50852.76,7569.56,36.24,20.00,0.00
1317,56,2011.79,55710.98,25373.01,26314.38,4023.59,58.92,5.00,0.00
1318,56,240.91,6854.32,3093.79,3277.72,482.81,1327.91,1.00,0.00
1319,56,3576.84,103071.45,47001.93,48916.84,7152.68,39.65,16.00,0.00
1320,56,1825.74,51986.99,23710.57,24624.94,3651.47,90.78,7.00,0.00
1321,56,3.00,148.00,73.00,69.00,6.00,325.98,0.00,0.00
1322,56,1101.55,29667.96,13500.52,13964.33,2203.11,1618.78,5.00,0.00
1323,56,2675.09,73704.53,33607.16,34747.19,5350.18,62.19,16.00,0.00
1324,56,3234.98,93643.51,42640.78,44532.77,6469.97,46.63,18.00,0.00
1325,56,3354.72,97648.96,44588.33,46351.18,6709.45,44.17,17.00,0.00
1326,56,3598.34,102175.71,46621.43,48357.60,7196.68,38.25,12.00,0.00
1327,56,3650.65,103971.09,47461.48,49209.31,7300.30,38.25,12.00,0.00
1328,56,994.47,27405.99,12527.94,12888.11,1989.94,48.34,6.00,0.00
1329,56,967.59,26717.72,12134.88,12647.66,1935.18,909.80,8.00,0.00
1330,56,1630.27,46954.76,21448.55,22245.68,3260.54,42.61,9.00,0.00
1331,56,167.98,4960.35,2278.70,2345.69,335.96,1506.29,1.00,0.00
1332,56,1663.64,45963.59,20945.02,21691.30,3327.27,51.94,7.00,0.00
1333,56,105.00,2605.92,1169.97,1225.96,209.99,1401.61,0.00,0.00
1334,56,19.00,543.00,252.00,253.00,38.00,1708.63,0.00,0.00
1335,56,996.66,29491.99,13430.44,14068.22,1993.32,1170.65,4.00,0.00
1336,56,2790.22,77613.07,35376.53,36656.09,5580.45,45.79,14.01,0.00
1337,56,6.00,313.97,152.98,148.98,12.00,694.45,0.00,0.00
1338,56,158.98,4001.38,1801.72,1881.71,317.95,1506.29,0.00,0.00
1339,56,2.00,121.01,58.01,59.01,4.00,1170.65,0.00,0.00
1340,56,1815.12,51363.36,23400.53,24332.59,3630.24,123.28,8.00,0.00
1341,56,2499.00,70944.66,32356.07,33590.58,4998.00,57.87,7.00,0.00
1342,56,3242.68,93709.79,42821.79,44402.63,6485.36,44.98,15.00,0.00
1343,56,3746.27,105204.46,48002.40,49709.52,7492.53,36.89,12.00,0.00
1344,56,3727.17,104973.71,47899.15,49620.23,7454.33,37.56,14.00,0.00
1345,56,2863.32,83879.56,38233.58,39919.35,5726.63,40.37,19.01,0.00
1346,56,42.00,1402.86,639.94,678.93,83.99,1213.57,0.00,0.00
1347,56,1844.04,53657.05,24493.48,25475.50,3688.07,75.82,8.00,0.00
1348,56,501.04,14253.03,6483.47,6767.49,1002.07,960.30,1.00,0.00
1349,56,190.99,5233.61,2351.83,2499.82,381.97,277.21,0.00,0.00
1350,56,668.73,17988.80,8218.71,8432.63,1337.46,1678.14,2.00,0.00
1351,56,580.24,16553.89,7491.12,7902.29,1160.48,61.08,0.00,0.00
1352,56,1030.98,30429.35,13880.70,14486.69,2061.96,1191.92,8.00,0.00
1353,56,63.99,1831.67,834.85,868.84,127.98,1032.01,0.00,0.00
1354,56,15.00,432.08,191.04,211.04,30.01,2009.23,0.00,0.00
1355,56,19.00,563.89,255.95,269.95,37.99,2539.17,0.00,0.00
1356,56,6.00,229.05,102.02,115.03,12.00,3267.19,0.00,0.00
1357,56,16.00,557.99,253.99,271.99,32.00,4055.23,0.00,0.00
1358,56,14.00,371.00,172.00,171.00,28.00,5607.61,0.00,0.00
1359,56,35.99,796.85,346.93,377.93,71.99,5813.24,0.00,0.00
1360,56,3472.04,96568.23,44036.79,45587.36,6944.08,45.79,17.00,0.00
1361,56,3433.34,98308.77,44941.47,46500.62,6866.68,38.94,11.00,0.00
1362,56,1522.59,42950.57,19590.56,20314.84,3045.18,110.66,15.01,0.00
1363,56,493.99,13962.62,6374.82,6599.82,987.97,707.07,4.00,0.00
1364,56,5.00,251.98,126.99,114.99,10.00,1258.08,0.00,0.00
1365,56,1876.08,54590.14,24960.72,25877.27,3752.15,53.85,4.00,0.00
1366,56,3503.72,98204.20,44731.20,46465.56,7007.44,40.37,18.00,0.00
1367,56,3615.64,104499.45,47636.19,49631.99,7231.27,38.94,12.00,0.00
1368,56,3759.38,106079.61,48330.83,50230.02,7518.75,36.89,22.00,0.00
1369,56,3531.01,101874.36,46471.16,48341.17,7062.02,38.25,9.00,0.00
1370,56,323.12,9363.38,4287.55,4429.60,646.23,139.85,0.00,0.00
1371,56,1035.82,30456.68,13914.57,14470.47,2071.64,450.77,7.00,0.00
1372,56,102.98,3192.42,1456.73,1529.72,205.96,1506.29,0.00,0.00
1373,56,2714.47,75956.16,34559.99,35967.23,5428.94,47.47,13.00,0.00
1374,56,10.00,237.01,107.01,110.01,20.00,861.95,0.00,0.00
1375,56,129.97,3910.17,1776.62,1873.60,259.94,1506.29,0.00,0.00
1376,56,88.03,2465.81,1116.37,1173.39,176.06,1427.08,0.00,0.00
1377,56,10.00,278.00,132.00,126.00,20.00,2320.55,0.00,0.00
1378,56,8.00,306.89,152.95,137.95,15.99,3151.62,0.00,0.00
1379,56,10.00,187.05,80.02,87.02,20.01,2880.27,0.00,0.00
1380,56,1259.56,35290.72,16108.39,16663.20,2519.12,61.08,9.00,0.00
1381,56,1501.91,42804.55,19504.88,20295.84,3003.83,211.60,9.00,0.00
1382,56,1679.37,46348.17,21115.63,21873.80,3358.74,82.96,4.00,0.00
1383,56,5.00,232.07,117.03,105.03,10.00,1304.21,0.00,0.00
1384,56,4.00,235.97,109.99,117.98,8.00,2238.47,0.00,0.00
1385,56,12.00,210.02,94.01,92.01,24.00,3151.62,0.00,0.00
1386,56,240.96,6445.02,2949.55,3013.54,481.93,3841.98,3.00,0.00
1387,56,5.00,101.02,45.01,46.01,10.00,1089.30,0.00,0.00
1388,56,6.00,176.00,83.00,81.00,12.00,1708.63,0.00,0.00
1389,56,3.00,106.00,52.00,48.00,6.00,3095.38,0.00,0.00
1390,56,578.95,16156.66,7373.39,7625.37,1157.90,3639.94,5.00,0.00
1391,56,11.00,196.02,84.01,90.01,22.00,1129.24,0.00,0.00
1392,56,6.00,172.00,80.00,80.00,12.00,2238.47,0.00,0.00
1393,56,3.00,163.99,86.00,72.00,6.00,2632.28,0.00,0.00
1394,56,294.99,8262.85,3782.93,3889.93,589.99,3982.86,2.00,0.00
1395,56,776.99,21662.82,9881.92,10226.92,1553.99,308.84,3.00,0.00
1396,56,216.01,6348.33,2896.15,3020.16,432.02,1235.62,0.00,0.00
1397,56,12.00,299.01,130.00,145.00,24.00,1235.62,0.00,0.00
1398,56,0.00,65.99,34.00,32.00,0.00,0.00,0.00,0.00
1399,56,700.03,19636.84,8965.38,9271.40,1400.06,2362.72,2.00,0.00
1400,56,7.00,185.01,81.00,90.00,14.00,1506.29,0.00,0.00
1401,56,14.00,223.00,92.00,103.00,28.00,2539.17,0.00,0.00
1402,56,149.94,4984.96,2265.08,2420.01,299.88,3706.08,0.00,0.00
1403,56,1851.02,53627.50,24421.23,25504.24,3702.03,59.99,5.00,0.00
1404,56,5.00,115.00,55.00,50.00,10.00,1352.03,0.00,0.00
1405,56,362.13,10404.84,4769.76,4910.81,724.27,1533.66,4.00,0.00
1406,56,4.00,119.99,60.99,51.00,8.00,1479.41,0.00,0.00
1407,56,3171.98,89252.40,40749.94,42158.49,6343.97,44.98,14.00,0.00
1408,56,3631.00,102454.09,46775.04,48417.04,7262.01,37.56,18.00,0.00
1409,56,3809.81,107052.73,48855.60,50577.51,7619.62,35.59,16.00,0.00
1410,56,3603.34,101057.56,46198.37,47652.51,7206.68,37.56,16.00,0.00
1411,56,1166.04,33999.21,15526.55,16140.58,2332.08,81.48,7.00,0.00
1412,56,1018.95,28642.72,13053.42,13551.40,2037.91,816.63,3.00,0.00
1413,56,3391.55,96686.33,44031.19,45872.03,6783.11,37.56,14.01,0.00
1414,56,24.00,831.90,385.95,397.95,47.99,846.57,0.00,0.00
1415,56,28.00,706.94,320.97,329.97,56.00,2009.23,1.00,0.00
1416,56,1650.59,46117.53,21031.77,21784.58,3301.18,66.84,5.00,0.00
