sysbench 1.0.20 (using bundled LuaJIT 2.1.0-beta2)

Running the test with following options:
Number of threads: 56
Report intermediate results every 1 second(s)
Initializing random number generator from current time


Initializing worker threads...

Threads started!

1,56,1637.73,49159.78,22417.17,23244.01,3498.61,116.80,9.96,0.00
2,56,2333.65,65666.61,29919.75,31079.57,4667.29,101.13,14.02,0.00
3,56,3311.20,93279.64,42586.57,44070.66,6622.40,65.65,11.00,0.00
4,56,4261.14,118158.78,53863.72,55772.78,8522.27,56.84,15.00,0.00
5,56,4704.58,134885.92,61535.49,63942.27,9408.16,51.02,14.00,0.00
6,56,5240.24,147262.79,67242.10,69539.20,10481.48,44.98,22.00,0.00
7,56,5631.76,159624.09,72802.85,75557.73,11263.51,36.89,22.00,0.00
8,56,6274.80,176200.38,80503.23,83147.56,12549.59,22.69,29.00,0.00
9,56,6621.24,186812.63,85277.25,88291.90,13243.49,18.61,24.00,0.00
10,56,6853.14,195228.90,89064.78,92458.85,13705.27,18.28,27.00,0.00
11,56,7311.70,208370.98,94934.10,98813.47,14623.40,17.63,30.00,0.00
12,56,7287.40,209210.63,95549.07,99086.78,14574.79,17.95,24.00,0.00
13,56,7793.79,220447.62,100531.55,104328.48,15587.59,17.32,28.99,0.00
14,56,7828.98,219935.52,100290.32,103987.25,15657.95,17.63,41.01,0.00
15,56,8094.24,234366.21,106930.44,111245.30,16190.47,17.01,45.96,0.00
16,56,8205.40,235418.28,107481.92,111528.56,16407.79,17.32,28.03,0.00
17,56,8203.90,229324.24,104494.50,108420.93,16408.81,17.63,34.00,0.00
18,56,6794.43,193128.93,88256.66,91284.40,13587.87,21.11,28.00,0.00
19,56,6918.07,198889.11,90759.96,94292.00,13837.15,20.37,30.00,0.00
20,56,6187.14,175698.98,80060.81,83263.89,12374.28,24.83,31.00,0.00
21,56,6336.45,181341.80,82719.84,85949.07,12672.89,23.10,31.00,0.00
22,56,6068.95,174100.56,79356.34,82606.32,12137.90,25.28,24.00,0.00
23,56,5894.55,167278.31,76327.21,79161.99,11789.11,29.19,33.00,0.00
24,56,6348.19,180986.53,82564.52,85726.62,12695.39,23.95,26.00,0.00
25,56,6891.61,195677.87,89300.92,92593.73,13783.22,20.37,25.00,0.00
26,56,6780.25,190233.94,86805.39,89867.05,13561.50,21.11,25.00,0.00
27,56,6918.92,196738.18,89776.95,93124.39,13836.84,20.37,29.00,0.00
28,56,6660.15,188685.38,86214.00,89150.07,13321.31,21.11,25.00,0.00
29,56,6887.64,194914.87,88977.38,92163.21,13774.28,21.11,40.00,0.00
30,56,6737.13,195500.77,89201.72,92823.79,13475.26,21.50,36.00,0.00
31,56,7122.05,198694.47,90532.67,93917.70,14244.11,20.37,39.00,0.00
32,56,6746.80,190662.44,86876.47,90292.37,13493.61,21.50,29.00,0.00
33,56,6953.29,195491.15,89251.72,92332.85,13906.58,21.50,29.00,0.00
34,56,6751.04,195803.29,89283.59,93017.61,13502.09,21.50,24.00,0.00
35,56,7064.98,199370.37,90816.71,94424.70,14128.96,21.11,39.00,0.00
36,56,6708.05,191127.48,87257.68,90452.70,13417.10,21.89,22.00,0.00
37,56,7130.08,203469.22,92903.02,96306.05,14260.16,20.00,31.00,0.00
38,56,6659.81,188790.49,86037.49,89433.39,13319.61,23.10,41.00,0.00
39,56,6680.61,187116.00,85357.76,88398.03,13360.21,22.69,30.00,0.00
40,56,7040.00,197565.14,90113.06,93371.06,14081.01,20.74,24.00,0.00
41,56,6881.16,193312.50,88195.05,91355.13,13762.32,21.50,31.00,0.00
42,56,6813.09,195795.91,89362.09,92807.63,13626.18,22.69,24.00,0.00
43,56,7056.80,201496.79,91925.40,95457.80,14113.60,20.74,24.00,0.00
44,56,6830.24,190933.69,87055.05,90220.16,13658.48,22.69,34.00,0.00
45,56,7102.97,202225.57,92350.56,95667.08,14207.93,21.11,33.00,0.00
46,56,6911.71,195574.02,89221.13,92530.47,13822.41,21.11,19.00,0.00
47,56,6682.74,190880.64,86960.65,90553.51,13366.48,21.50,28.00,0.00
48,56,6506.96,185167.96,84400.53,87753.51,13013.93,22.28,28.00,0.00
49,56,6488.93,182475.00,83146.09,86351.06,12977.86,21.89,30.00,0.00
50,56,6230.95,175108.70,79779.41,82868.38,12460.91,22.69,27.00,0.00
51,56,6517.26,186690.51,85244.43,88410.56,13035.52,21.11,29.00,0.00
52,56,6446.70,185615.46,84624.10,88097.94,12893.41,21.89,25.00,0.00
53,56,6204.85,177567.63,81042.01,84115.93,12409.69,23.10,26.00,0.00
54,56,6297.34,177282.68,80855.42,83833.58,12593.69,22.69,25.00,0.00
55,56,6219.68,175745.83,80190.81,83114.66,12440.35,22.69,26.00,0.00
56,56,5954.36,169215.23,77131.66,80174.85,11908.72,24.83,22.00,0.00
57,56,6302.22,180964.35,82601.90,85759.01,12603.44,21.89,23.00,0.00
58,56,6249.15,177454.17,80957.90,83996.97,12499.29,22.28,22.00,0.00
59,56,6490.95,182663.62,83379.37,86303.35,12980.90,21.50,25.00,0.00
60,56,6119.10,176222.76,80360.26,83623.31,12239.19,22.69,38.00,0.00
61,56,6084.53,172372.70,78709.93,81493.71,12169.06,23.10,29.00,0.00
62,56,6323.81,178974.65,81644.56,84683.47,12646.62,22.69,23.00,0.00
63,56,6096.08,172567.39,78700.09,81674.13,12193.17,23.10,26.00,0.00
64,56,6117.00,173466.10,79139.05,82094.05,12233.01,23.52,33.00,0.00
65,56,6074.78,171104.69,78056.12,80898.02,12150.55,22.28,28.00,0.00
66,56,6145.47,172262.18,78569.01,81402.23,12290.94,23.10,33.00,0.00
67,56,6169.72,175176.12,79905.41,82931.27,12339.44,22.69,23.00,0.00
68,56,5971.78,171681.56,78327.06,81410.94,11943.55,23.52,30.00,0.00
69,56,5802.34,164450.70,75014.43,77831.59,11604.68,24.83,27.00,0.00
70,56,5835.70,170040.13,77645.95,80722.79,11671.39,22.69,37.00,0.00
71,56,5950.61,170234.44,77716.96,80616.26,11901.22,22.69,15.00,0.00
72,56,5663.29,163389.39,74438.61,77625.21,11325.57,24.38,20.00,0.00
73,56,5932.93,165472.96,75503.85,78102.25,11866.86,22.69,18.00,0.00
74,56,5767.72,161427.30,73596.49,76295.36,11535.45,24.83,25.00,0.00
75,56,5332.81,149551.66,68151.57,70734.47,10665.62,27.66,16.00,0.00
76,56,5565.96,160826.94,73322.52,76373.50,11130.93,24.38,24.00,0.00
77,56,5870.19,166844.47,76193.50,78909.59,11741.39,23.52,25.00,0.00
78,56,5592.57,157667.01,71893.53,74588.33,11185.15,23.52,24.00,0.00
79,56,5589.20,158629.58,72379.54,75071.64,11178.39,23.52,26.00,0.00
80,56,5439.08,153448.34,70000.07,72570.11,10878.17,24.38,19.00,0.00
81,56,5467.01,153047.17,69771.08,72342.08,10934.01,25.28,18.00,0.00
82,56,5327.52,150317.59,68548.88,71113.65,10655.05,24.83,24.00,0.00
83,56,5433.51,153125.35,69721.53,72538.80,10865.02,24.83,25.00,0.00
84,56,5204.73,147522.40,67278.53,69835.40,10408.46,25.28,22.00,0.00
85,56,5016.87,140270.31,64082.32,66150.26,10037.74,26.20,16.00,0.00
86,56,5283.30,150998.62,68832.93,71600.09,10565.60,25.28,15.00,0.00
87,56,5022.97,141242.03,64427.56,66768.54,10045.93,26.68,29.00,0.00
88,56,4736.90,133833.29,61015.77,63343.72,9473.81,28.67,20.00,0.00
89,56,4791.18,141019.28,64427.41,67009.51,9582.36,26.68,22.00,0.00
90,56,4796.05,137707.45,62752.66,65362.69,9592.10,26.20,19.00,0.00
91,56,4831.77,136115.63,62101.09,64350.99,9663.55,26.20,7.00,0.00
92,56,4724.16,134250.58,61336.09,63466.16,9448.32,27.66,26.00,0.00
93,56,4637.53,132957.44,60640.82,63041.57,9275.05,27.66,19.00,0.00
94,56,4618.47,132279.60,60400.21,62642.44,9236.95,28.16,23.00,0.00
95,56,4690.05,133839.42,61163.65,63295.67,9380.10,27.17,20.00,0.00
96,56,4503.95,128222.47,58519.30,60695.28,9007.89,28.67,17.00,0.00
97,56,4598.87,134196.13,61235.23,63763.16,9197.73,27.66,22.00,0.00
98,56,4457.65,127844.92,58305.18,60624.44,8915.30,27.17,21.98,0.00
99,56,4316.30,123381.42,56323.10,58425.71,8632.61,28.67,26.02,0.00
100,56,4228.97,123600.11,56415.59,58727.58,8456.94,29.19,26.00,0.00
101,56,4336.83,125638.95,57344.69,59620.60,8673.65,28.67,21.00,0.00
102,56,4170.27,117848.59,53758.46,55748.59,8341.54,30.81,18.00,0.00
103,56,4042.86,115547.00,52754.17,54707.10,8085.72,29.72,15.00,0.00
104,56,4208.90,119679.18,54611.71,56651.67,8415.80,28.67,20.00,0.00
105,56,3956.23,112847.45,51552.95,53380.05,7914.45,31.37,23.00,0.00
106,56,3930.86,110999.12,50617.23,52520.16,7861.72,30.26,14.00,0.00
107,56,3953.93,112448.97,51399.07,53142.04,7907.86,30.81,15.00,0.00
108,56,3857.07,108751.99,49646.91,51390.94,7714.14,33.12,20.00,0.00
109,56,3639.33,102253.40,46621.28,48353.44,7278.67,37.56,16.00,0.00
110,56,3894.83,108961.25,49658.84,51512.76,7789.66,33.72,17.00,0.00
111,56,3762.08,106033.38,48338.09,50171.13,7524.17,32.53,18.00,0.00
112,56,3757.71,106202.92,48370.32,50317.17,7515.43,32.53,16.00,0.00
113,56,3549.05,100167.40,45701.64,47369.66,7096.10,33.72,20.00,0.00
114,56,3928.39,111737.03,50989.03,52889.22,7858.78,31.94,16.00,0.00
115,56,3640.12,104179.35,47522.53,49376.59,7280.23,34.33,11.00,0.00
116,56,3629.45,103977.24,47538.80,49179.55,7258.90,33.72,16.00,0.00
117,56,3563.21,102814.20,46852.83,48834.95,7126.43,35.59,17.00,0.00
118,56,3594.67,99703.01,45508.12,47005.56,7189.33,33.72,15.99,0.00
119,56,3547.25,102416.10,46813.50,48508.10,7094.50,35.59,21.01,0.00
120,56,3431.25,98637.06,45038.22,46736.34,6862.49,36.24,14.00,0.00
121,56,3477.73,98760.40,44975.54,46829.40,6955.46,35.59,13.00,0.00
122,56,3447.10,97305.80,44396.28,46015.32,6894.20,36.24,11.00,0.00
123,56,3471.86,97114.20,44233.27,45937.20,6943.73,36.24,10.00,0.00
124,56,3468.15,97044.14,44137.88,45970.96,6935.30,35.59,5.00,0.00
125,56,3433.02,94364.64,43025.29,44472.30,6867.05,36.89,16.00,0.00
126,56,3213.97,92035.16,42016.62,43590.60,6427.94,38.25,13.00,0.00
127,56,3313.18,94472.22,43025.38,44820.47,6626.37,36.24,9.00,0.00
128,56,3122.47,89082.77,40632.05,42205.79,6244.93,38.25,15.00,0.00
129,56,3149.30,89941.64,40988.94,42654.10,6298.60,38.25,11.00,0.00
130,56,3192.24,89959.80,40981.10,42594.22,6384.48,38.94,14.00,0.00
131,56,3084.88,86984.59,39655.45,41159.39,6169.76,43.39,13.00,0.00
132,56,3322.78,93736.75,42700.15,44391.04,6645.56,35.59,14.00,0.00
133,56,3086.17,87584.90,39968.24,41444.32,6172.35,39.65,16.00,0.00
134,56,3143.82,88544.96,40397.70,41860.62,6286.64,38.25,18.00,0.00
135,56,3028.02,84959.69,38842.32,40060.33,6057.05,41.85,11.00,0.00
136,56,2951.93,83247.96,37953.07,39391.04,5903.86,42.61,11.00,0.00
137,56,2853.16,82847.66,37830.13,39311.21,5706.32,41.85,11.00,0.00
138,56,2883.95,80823.67,36856.39,38199.37,5767.91,41.10,16.00,0.00
139,56,3064.15,85833.24,39172.93,40532.00,6128.30,41.10,10.00,0.00
140,56,3150.90,88460.25,40356.75,41801.70,6301.80,38.94,19.00,0.00
141,56,2831.19,79906.27,36426.40,37817.49,5662.37,44.17,11.00,0.00
142,56,2978.98,83643.38,38223.72,39461.71,5957.96,41.85,19.00,0.00
143,56,3149.80,88630.27,40453.39,41879.29,6297.59,39.65,11.00,0.00
144,56,3155.94,90343.36,41234.25,42797.23,6311.89,40.37,17.00,0.00
145,56,2771.97,78335.03,35675.56,37114.54,5544.93,42.61,9.00,0.00
146,56,3058.09,88732.68,40485.22,42130.27,6117.18,41.10,10.00,0.00
147,56,2960.17,85407.76,38948.17,40539.26,5920.33,40.37,11.00,0.00
148,56,2887.04,83519.04,38135.48,39609.49,5774.07,40.37,10.00,0.00
149,56,2700.03,76604.83,34885.38,36319.39,5400.06,44.17,11.00,0.00
150,56,2734.98,75453.44,34339.75,35643.74,5469.96,46.63,13.00,0.00
151,56,2789.80,79207.23,36060.37,37567.26,5579.59,43.39,13.00,0.00
152,56,2776.09,77878.55,35548.16,36778.20,5552.18,44.17,18.00,0.00
153,56,2797.94,78293.36,35798.25,36900.23,5594.88,41.85,13.00,0.00
154,56,2796.01,80194.42,36569.19,38032.20,5593.03,42.61,10.00,0.00
155,56,2887.91,81183.56,37044.89,38362.85,5775.83,43.39,12.00,0.00
156,56,2708.13,76819.64,35018.66,36384.72,5416.26,43.39,7.00,0.00
157,56,3059.08,84610.14,38523.98,39968.01,6118.15,41.10,8.00,0.00
158,56,2817.98,79526.50,36281.77,37608.76,5635.96,44.17,11.00,0.00
159,56,2935.03,81889.77,37420.35,38600.37,5869.06,42.61,12.00,0.00
160,56,2957.68,83378.11,37975.95,39485.79,5916.37,40.37,12.00,0.00
161,56,2789.10,78299.88,35734.31,36987.36,5578.21,43.39,12.00,0.00
162,56,2761.04,80436.16,36754.53,38159.55,5522.08,44.17,17.00,0.00
163,56,2689.87,76882.16,35114.25,36388.18,5379.73,44.17,7.00,0.00
164,56,2792.17,80694.77,36830.18,38281.26,5583.33,41.85,20.00,0.00
165,56,2877.11,82235.50,37540.36,38939.92,5755.22,40.37,11.00,0.00
166,56,2859.63,80991.96,37066.22,38206.47,5719.27,41.85,8.00,0.00
167,56,2828.23,80301.64,36580.02,38065.15,5656.47,43.39,16.00,0.00
168,56,2876.00,82474.91,37533.96,39188.96,5751.99,41.10,8.00,0.00
169,56,2795.05,79969.52,36460.69,37919.72,5589.11,44.17,12.00,0.00
170,56,2848.69,82141.05,37528.91,38913.76,5698.38,43.39,11.00,0.00
171,56,2944.37,83123.52,37921.80,39313.98,5887.75,41.85,6.00,0.00
172,56,2873.98,84152.28,38443.67,39959.66,5748.95,43.39,14.00,0.00
173,56,2866.90,82628.11,37701.68,39192.63,5733.80,41.10,13.00,0.00
174,56,2745.07,78717.04,35957.93,37268.97,5490.14,43.39,8.00,0.00
175,56,2862.02,81444.59,37137.27,38583.28,5724.04,44.17,6.00,0.00
176,56,2793.74,80349.44,36653.55,38108.42,5587.47,42.61,12.00,0.00
177,56,2755.29,79003.35,36024.81,37467.96,5510.58,44.17,10.00,0.00
178,56,3011.85,85863.82,39158.09,40682.02,6023.71,43.39,12.00,0.00
179,56,2895.05,83493.32,38086.60,39616.62,5790.09,41.85,13.00,0.00
180,56,2744.91,77256.39,35273.81,36492.77,5489.81,42.61,15.00,0.00
181,56,2891.97,83136.04,37949.56,39402.54,5783.93,43.39,9.00,0.00
182,56,2930.09,83897.60,38238.19,39799.24,5860.18,42.61,16.00,0.00
183,56,2796.07,80038.92,36541.88,37906.91,5590.13,42.61,10.00,0.00
184,56,2733.04,76626.07,34909.73,36248.26,5468.08,43.39,7.00,0.00
185,56,2656.94,75877.78,34657.23,35906.67,5313.88,44.17,5.00,0.00
186,56,2870.08,81877.30,37369.05,38768.09,5740.16,43.39,14.00,0.00
187,56,2951.91,82775.49,37781.85,39089.81,5903.82,41.10,13.00,0.00
188,56,2845.76,81148.18,37090.88,38365.78,5691.52,41.85,9.00,0.00
189,56,2849.33,79399.14,36205.17,37495.32,5698.66,41.85,9.00,0.00
190,56,3003.93,86001.93,39182.06,40812.02,6007.86,40.37,18.00,0.00
191,56,2812.92,79840.60,36350.91,37863.86,5625.83,42.61,8.00,0.00
192,56,2786.94,78478.31,35760.23,37143.20,5574.88,41.85,10.00,0.00
193,56,2973.08,83533.22,38026.01,39562.05,5945.16,41.10,14.00,0.00
194,56,2868.97,80360.16,36643.62,37978.60,5737.94,40.37,10.00,0.00
195,56,2709.88,77164.60,35162.45,36582.39,5419.76,42.61,14.00,0.00
196,56,2857.86,81096.93,36919.15,38462.07,5715.71,38.94,13.00,0.00
197,56,2892.28,82071.95,37467.63,38819.76,5784.56,41.10,10.00,0.00
198,56,2883.96,81394.88,37131.49,38496.47,5766.92,40.37,9.00,0.00
199,56,3023.11,85555.93,39022.56,40486.14,6047.23,39.65,14.00,0.00
200,56,3010.01,86277.90,39354.18,40903.70,6020.02,41.10,12.00,0.00
201,56,3049.92,84900.84,38633.02,40168.98,6098.84,38.94,13.00,0.00
202,56,2901.86,83096.99,37906.17,39386.10,5804.72,40.37,15.00,0.00
203,56,2769.06,78513.62,35809.74,37165.77,5538.11,44.17,15.00,0.00
204,56,2937.97,84005.17,38361.62,39767.61,5875.94,40.37,15.00,0.00
205,56,2792.47,79780.83,36432.07,37763.82,5584.94,41.85,13.00,0.00
206,56,2856.79,80783.46,36833.24,38236.63,5713.59,42.61,16.00,0.00
207,56,2926.87,82587.29,37609.31,39124.24,5853.74,42.61,6.00,0.00
208,56,2729.92,77838.74,35546.97,36831.93,5459.84,44.98,16.00,0.00
209,56,3200.35,92251.18,42151.65,43698.82,6400.71,38.25,13.00,0.00
210,56,2859.75,81005.04,36950.83,38334.71,5719.51,38.94,19.00,0.00
211,56,3036.09,84426.45,38566.12,39788.16,6072.18,45.79,9.00,0.00
212,56,2949.93,83463.95,38078.07,39486.03,5899.86,39.65,7.00,0.00
213,56,3103.04,87814.08,40039.49,41568.51,6206.08,41.10,9.00,0.00
214,56,3045.02,86747.57,39474.26,41183.27,6090.04,38.25,11.00,0.00
215,56,3052.61,87280.92,39826.94,41348.75,6105.22,39.65,21.00,0.00
216,56,3117.29,87215.16,39821.72,41158.85,6234.58,40.37,15.00,0.00
217,56,2987.93,83496.96,38221.06,39300.04,5975.85,39.65,16.00,0.00
218,56,2884.05,80523.42,36661.65,38093.67,5768.10,41.10,17.00,0.00
219,56,3113.35,88303.43,40204.55,41872.20,6226.69,40.37,12.00,0.00
220,56,3121.66,89714.03,40885.67,42585.03,6243.32,38.94,19.00,0.00
221,56,2815.03,79277.80,36325.37,37322.38,5630.06,42.61,20.00,0.00
222,56,3086.92,89320.57,40799.89,42346.85,6173.83,39.65,13.00,0.00
223,56,2917.00,83961.04,38302.02,39825.02,5834.00,38.25,11.00,0.00
224,56,3075.07,86375.98,39427.90,40797.94,6150.14,38.25,20.00,0.00
225,56,2779.04,79244.18,36098.54,37587.56,5558.08,41.10,14.00,0.00
226,56,3034.14,85842.07,39120.85,40652.93,6068.29,38.94,10.00,0.00
227,56,3210.79,92422.88,42120.21,43881.09,6421.57,38.94,17.00,0.00
228,56,3279.22,93079.26,42477.86,44042.96,6558.44,35.59,12.00,0.00
229,56,2934.97,84270.26,38421.66,39978.65,5869.95,40.37,12.00,0.00
230,56,3108.61,87998.09,40187.02,41593.84,6217.23,38.25,11.00,0.00
231,56,2912.24,83104.74,37910.07,39370.19,5824.47,41.10,13.00,0.00
232,56,3035.10,85363.86,38907.30,40386.35,6070.20,38.25,16.00,0.00
233,56,3099.13,89350.63,40741.65,42410.72,6198.25,38.94,17.00,0.00
234,56,3181.63,91482.38,41654.16,43464.95,6363.26,36.24,10.00,0.00
235,56,3196.35,88352.58,40286.37,41674.52,6391.69,38.25,8.00,0.00
236,56,3076.65,88494.94,40345.41,41995.23,6154.30,36.24,13.00,0.00
237,56,3120.97,89274.19,40698.63,42332.62,6242.94,37.56,13.00,0.00
238,56,2914.34,81032.56,36849.35,38355.53,5827.69,38.94,15.00,0.00
239,56,2984.85,85104.84,38891.10,40245.03,5968.71,40.37,11.00,0.00
240,56,3191.96,92114.73,42023.42,43706.40,6384.91,36.24,7.00,0.00
241,56,3051.96,86372.88,39366.49,40903.47,6102.92,41.10,15.00,0.00
242,56,3115.09,89154.59,40637.18,42286.23,6231.18,38.25,15.00,0.00
243,56,3074.07,86579.89,39483.09,40948.65,6148.15,36.89,15.00,0.00
244,56,3311.86,95452.87,43594.36,45234.79,6623.73,36.24,23.01,0.00
245,56,3021.01,85480.18,39026.08,40412.09,6042.01,40.37,9.00,0.00
246,56,3249.16,91935.21,42065.12,43371.78,6498.32,38.25,13.00,0.00
247,56,3130.87,88972.86,40633.35,42077.76,6261.75,38.94,18.01,0.00
248,56,3266.85,93738.79,42735.08,44470.00,6533.71,36.89,16.00,0.00
249,56,3077.17,86523.70,39475.14,40894.22,6154.33,39.65,7.00,0.00
250,56,3305.96,94743.80,43205.45,44926.43,6611.92,36.24,16.00,0.00
251,56,2994.83,85789.27,39124.84,40674.76,5989.67,38.25,15.00,0.00
252,56,3329.20,93162.72,42530.61,43973.70,6658.41,37.56,14.00,0.00
253,56,3361.05,96316.30,43938.59,45655.62,6722.09,36.89,17.00,0.00
254,56,3068.95,88762.45,40550.29,42074.26,6137.89,39.65,19.00,0.00
255,56,3116.03,86918.74,39533.34,41153.35,6232.05,36.24,9.00,0.00
256,56,3214.95,91168.60,41537.36,43201.34,6429.90,36.24,17.00,0.00
257,56,3229.79,90576.06,41246.30,42871.19,6458.58,38.25,12.00,0.00
258,56,2922.33,83438.39,38130.29,39462.44,5845.66,40.37,10.00,0.00
259,56,3079.97,85611.22,39084.64,40366.63,6159.94,38.94,9.00,0.00
260,56,3396.01,95608.40,43560.18,45256.19,6792.03,36.24,12.00,0.00
261,56,3229.08,90891.38,41422.09,43011.13,6458.17,38.25,10.00,0.00
262,56,2997.97,86420.08,39510.58,40913.57,5995.94,38.94,11.00,0.00
263,56,3382.82,96478.83,44049.64,45663.55,6765.64,35.59,11.00,0.00
264,56,3049.05,84714.29,38635.59,39980.61,6098.09,39.65,13.00,0.00
265,56,3264.33,92140.19,42037.19,43575.35,6527.65,38.25,21.00,0.00
266,56,3268.68,93698.83,42841.81,44319.66,6537.36,36.89,15.00,0.00
267,56,3046.77,85102.58,38787.07,40220.96,6094.54,38.25,14.00,0.00
268,56,3242.17,92914.78,42451.18,43980.26,6483.33,35.59,12.00,0.00
269,56,3299.01,93524.38,42623.18,44302.18,6599.03,36.89,19.00,0.00
270,56,3440.84,96768.62,44172.00,45714.93,6881.69,36.89,11.00,0.00
271,56,3080.18,89014.11,40584.33,42269.43,6160.35,38.25,13.00,0.00
272,56,3234.89,92675.78,42254.53,43951.47,6469.78,37.56,11.00,0.00
273,56,3154.04,88036.08,40179.49,41548.51,6308.08,37.56,9.00,0.00
274,56,3269.11,94419.05,43015.39,44865.45,6538.21,36.24,14.00,0.00
275,56,3008.03,85526.79,39020.36,40490.37,6016.06,37.56,8.00,0.00
276,56,3159.92,88923.89,40560.04,42044.00,6319.85,38.25,13.00,0.00
277,56,3373.95,94553.60,43087.36,44718.34,6747.90,35.59,14.00,0.00
278,56,3232.15,93543.46,42720.04,44359.12,6464.31,36.89,11.00,0.00
279,56,3348.90,96473.13,44012.69,45762.64,6697.80,36.24,23.00,0.00
280,56,3095.15,86839.13,39641.88,41006.95,6190.29,36.89,9.00,0.00
281,56,3021.06,89080.76,40681.80,42356.84,6042.12,37.56,13.00,0.00
282,56,3526.95,98271.62,44815.37,46402.35,7053.90,34.95,16.00,0.00
283,56,3159.69,90412.25,41211.01,42881.85,6319.39,36.89,10.00,0.00
284,56,3325.93,94488.11,43023.14,44813.10,6651.87,36.89,12.00,0.00
285,56,3341.19,93562.35,42656.44,44223.53,6682.38,34.95,16.00,0.00
286,56,3291.98,92037.38,41983.72,43469.71,6583.96,36.89,13.00,0.00
287,56,3253.11,92912.19,42283.45,44123.51,6505.22,38.25,14.00,0.00
288,56,3238.94,91567.41,41790.27,43298.25,6478.89,37.56,18.00,0.00
289,56,3110.77,89131.27,40710.93,42199.81,6220.53,36.89,19.00,0.00
290,56,3074.27,88874.71,40528.51,42196.66,6149.53,38.25,12.00,0.00
291,56,3183.98,89712.55,40991.79,42352.79,6367.97,38.25,10.00,0.00
292,56,3413.20,97135.58,44414.55,45894.64,6826.39,35.59,15.00,0.00
293,56,3189.05,90221.32,41159.60,42683.62,6378.09,36.89,13.00,0.00
294,56,3525.65,100895.84,45984.37,47860.18,7051.29,34.95,12.00,0.00
295,56,3395.14,95789.83,43667.75,45331.81,6790.27,34.33,15.00,0.00
296,56,3314.85,93780.66,42807.02,44343.95,6629.69,36.89,16.00,0.00
297,56,3370.05,95342.32,43445.60,45156.63,6740.09,36.24,17.00,0.00
298,56,3220.14,92657.93,42207.79,44009.87,6440.27,36.24,5.00,0.00
299,56,3498.81,98950.60,45229.53,46723.45,6997.62,33.72,22.00,0.00
300,56,3020.03,88130.80,40280.37,41810.38,6040.05,37.56,9.00,0.00
301,56,3315.96,92480.00,42175.55,43672.53,6631.93,35.59,19.00,0.00
302,56,3243.87,92410.19,42192.26,43730.20,6487.73,38.94,12.00,0.00
303,56,3131.27,89824.62,40998.48,42564.61,6261.53,39.65,15.00,0.00
304,56,3504.87,100152.58,45702.21,47440.64,7009.73,33.72,11.00,0.00
305,56,3200.88,91088.97,41500.38,43185.84,6402.76,35.59,16.00,0.00
306,56,3391.03,97709.81,44587.37,46340.38,6782.06,34.95,16.00,0.00
307,56,3218.09,92921.62,42359.19,44126.24,6436.18,36.24,15.00,0.00
308,56,3075.90,86979.18,39672.71,41154.67,6151.80,38.94,16.00,0.00
309,56,3363.28,96298.91,43830.60,45742.76,6725.55,35.59,13.00,0.00
310,56,3217.80,91517.33,41726.41,43354.31,6436.60,37.56,11.00,0.00
311,56,3489.01,99132.15,45245.07,46909.07,6978.01,34.33,10.00,0.00
312,56,3354.08,93278.31,42583.05,43987.09,6708.17,34.33,15.00,0.00
313,56,3406.11,95265.11,43482.42,44970.47,6812.22,38.94,9.00,0.00
314,56,3150.93,90011.07,41067.12,42642.08,6301.86,37.56,12.00,0.00
315,56,3162.86,89791.09,41009.21,42456.15,6325.72,38.25,16.00,0.00
316,56,3207.25,91621.08,41824.23,43382.35,6414.50,36.24,15.00,0.00
317,56,3265.92,91468.73,41719.96,43216.93,6531.84,36.89,12.00,0.00
318,56,3183.94,91747.15,41873.16,43506.12,6367.87,38.94,18.00,0.00
319,56,3316.00,93803.11,42782.05,44389.05,6632.01,36.89,10.00,0.00
320,56,3231.93,91145.91,41542.05,43140.01,6463.85,37.56,14.00,0.00
321,56,3035.14,87695.98,39948.81,41676.89,6070.28,39.65,13.00,0.00
322,56,3315.10,95545.98,43532.36,45384.42,6629.21,36.24,12.00,0.00
323,56,3283.60,94958.41,43340.71,45049.50,6568.20,35.59,21.00,0.00
324,56,3258.23,91444.41,41666.92,43261.03,6516.46,34.33,13.00,0.00
325,56,3292.20,95040.70,43329.60,45126.71,6584.40,36.89,20.00,0.00
326,56,3266.75,91641.98,41724.81,43384.68,6532.50,38.25,14.00,0.00
327,56,3145.85,88776.78,40494.08,41990.01,6292.70,38.25,13.00,0.00
328,56,3147.26,88589.35,40471.36,41823.47,6294.52,37.56,13.00,0.00
329,56,3251.89,92080.76,42005.52,43571.47,6503.77,35.59,16.00,0.00
330,56,3318.01,94508.41,43100.19,44772.20,6636.03,36.89,13.00,0.00
331,56,3262.44,92516.20,42119.81,43871.51,6524.89,34.95,11.00,0.00
332,56,3229.75,92171.35,41993.73,43718.13,6459.50,36.24,7.00,0.00
333,56,3137.88,88929.68,40603.48,42051.43,6274.77,36.24,10.00,0.00
334,56,3423.80,98917.18,45208.34,46860.24,6848.60,35.59,16.00,0.00
335,56,3455.15,98861.38,45087.00,46864.08,6910.31,36.89,24.00,0.00
336,56,3166.96,89813.88,41003.49,42476.47,6333.92,40.37,11.00,0.00
337,56,3267.81,93265.70,42646.58,44083.50,6535.63,35.59,14.00,0.00
338,56,3294.10,93744.98,42738.36,44418.41,6588.21,37.56,16.00,0.00
339,56,3244.96,91881.89,41927.49,43464.47,6489.92,37.56,13.00,0.00
340,56,3353.93,94779.89,43137.04,44936.00,6706.85,36.24,18.00,0.00
341,56,3320.97,93113.10,42470.59,44000.58,6641.94,36.24,19.00,0.00
342,56,3438.11,97436.16,44408.44,46150.50,6877.22,36.24,17.00,0.00
343,56,3380.99,95047.60,43306.82,44978.81,6761.97,36.24,24.00,0.00
344,56,3378.96,95294.76,43591.43,44945.41,6757.91,36.24,19.00,0.00
345,56,3262.01,90817.39,41430.18,42863.18,6524.03,36.89,16.00,0.00
346,56,3125.16,89764.61,40905.10,42609.19,6250.32,37.56,11.00,0.00
347,56,3425.86,97742.09,44599.22,46292.15,6850.73,36.24,17.00,0.00
348,56,3257.36,90653.14,41310.86,42826.56,6515.72,36.89,12.00,0.00
349,56,3180.68,90004.20,41110.77,42532.07,6361.36,35.59,16.00,0.00
350,56,3157.76,88538.17,40368.89,41853.77,6315.51,40.37,25.00,0.00
351,56,3153.34,88576.67,40417.41,41852.57,6306.69,36.89,15.00,0.00
352,56,3193.90,91606.21,41868.72,43349.68,6387.81,38.94,12.00,0.00
353,56,3340.02,94108.46,42926.21,44502.22,6680.03,36.89,14.00,0.00
354,56,3370.21,96090.39,43904.67,45445.31,6740.41,34.95,12.00,0.00
355,56,3499.80,99201.79,45306.41,46895.77,6999.61,34.33,15.00,0.00
356,56,3006.92,85414.66,39015.93,40384.90,6013.84,39.65,14.00,0.00
357,56,3356.04,96420.24,43941.56,45766.59,6712.09,36.24,11.00,0.00
358,56,3278.09,93819.62,42843.20,44421.24,6555.18,36.89,17.00,0.00
359,56,3182.20,91609.72,41846.61,43397.71,6365.40,36.24,19.00,0.00
360,56,3482.98,98639.37,45011.71,46661.70,6965.96,34.33,16.00,0.00
361,56,3278.72,92432.08,42047.40,43827.25,6557.44,36.24,17.00,0.00
362,56,3138.97,91904.00,41967.54,43658.52,6277.93,36.24,10.00,0.00
363,56,3360.46,95719.03,43711.95,45286.17,6720.92,37.56,13.00,0.00
364,56,3244.73,92849.33,42334.50,44025.36,6489.46,36.89,21.00,0.00
365,56,3541.87,102818.30,46988.31,48746.25,7083.75,33.12,23.00,0.00
366,56,3410.16,99127.69,45344.14,46963.22,6820.32,34.95,24.00,0.00
367,56,3301.88,94613.50,43136.40,44875.34,6601.76,35.59,12.00,0.00
368,56,3056.94,86058.20,39318.18,40624.15,6115.87,38.94,13.00,0.00
369,56,3071.12,88621.54,40536.62,41942.68,6142.25,38.94,18.00,0.00
370,56,3346.84,97136.42,44341.91,46100.83,6693.68,36.24,9.00,0.00
371,56,3237.19,92398.49,42120.50,43803.60,6474.38,38.94,10.00,0.00
372,56,3383.78,95283.80,43441.17,45075.07,6767.56,35.59,12.00,0.00
373,56,3164.05,91708.31,41892.60,43487.62,6328.09,35.59,15.00,0.00
374,56,2926.94,83162.40,38033.20,39275.32,5853.87,38.25,6.00,0.00
375,56,3414.28,98781.98,45033.08,46920.34,6828.56,34.33,21.01,0.00
376,56,3279.13,92254.68,42132.68,43563.74,6558.26,35.59,10.00,0.00
377,56,3300.03,93184.98,42429.45,44155.46,6600.07,36.89,12.00,0.00
378,56,3309.18,95164.09,43442.32,45104.41,6617.35,34.95,14.00,0.00
379,56,3348.83,93771.11,42869.76,44203.70,6697.65,36.89,16.00,0.00
380,56,3343.96,93581.76,42774.43,44118.41,6688.91,36.24,18.00,0.00
381,56,3304.96,94826.98,43286.53,44930.52,6609.93,34.95,12.00,0.00
382,56,3616.16,102665.40,46851.01,48582.08,7232.31,34.95,15.00,0.00
383,56,3501.50,100058.12,45692.42,47362.70,7003.00,33.72,15.99,0.00
384,56,3429.46,97303.43,44363.89,46080.62,6858.92,35.59,16.01,0.00
385,56,3215.00,90146.91,41122.96,42594.96,6428.99,36.24,17.00,0.00
386,56,3454.96,97172.83,44279.47,45982.45,6910.92,34.95,16.00,0.00
387,56,3309.04,96204.02,43841.47,45744.49,6618.07,36.24,13.00,0.00
388,56,3291.90,91181.35,41630.79,42966.75,6583.81,35.59,12.00,0.00
389,56,3348.11,95610.14,43612.43,45302.49,6695.22,35.59,19.00,0.00
390,56,3338.28,95648.89,43636.60,45334.74,6677.55,36.24,16.00,0.00
391,56,3195.67,91216.67,41636.74,43188.58,6391.35,36.89,16.00,0.00
392,56,3355.02,98388.71,44907.32,46770.34,6711.05,37.56,13.00,0.00
393,56,3163.41,89848.73,41091.30,42431.62,6325.81,36.24,12.99,0.00
394,56,3519.99,98588.76,44862.37,46686.40,7039.98,35.59,17.01,0.00
395,56,3272.84,94650.45,43140.93,44963.84,6545.69,34.33,15.00,0.00
396,56,3444.27,99549.00,45448.41,47212.04,6888.55,34.33,13.00,0.00
397,56,3104.74,88301.93,40233.54,41859.92,6208.47,36.89,11.00,0.00
398,56,3176.05,89584.31,40884.60,42346.62,6353.09,36.24,12.00,0.00
399,56,3514.88,100222.53,45739.42,47453.36,7029.76,34.95,13.00,0.00
400,56,3390.08,95299.32,43476.06,45043.10,6780.17,36.24,13.00,0.00
401,56,3345.90,94066.10,42879.68,44494.63,6691.79,36.24,11.00,0.00
402,56,3412.02,97459.58,44462.27,46174.28,6823.04,34.95,15.00,0.00
403,56,3586.96,102899.80,46934.45,48790.43,7174.92,35.59,14.00,0.00
404,56,3286.08,93917.27,42818.03,44527.08,6572.16,36.89,13.00,0.00
405,56,3198.76,92991.12,42518.86,44074.74,6397.53,36.24,15.00,0.00
406,56,2893.16,82079.40,37489.01,38804.08,5786.31,37.56,11.00,0.00
407,56,2956.56,86997.06,39674.10,41409.84,5913.12,38.25,13.00,0.00
408,56,3292.69,91070.10,41518.71,42967.01,6584.38,38.25,16.00,0.00
409,56,3192.81,91524.66,41791.29,43346.74,6386.63,36.89,10.99,0.00
410,56,3303.32,93366.83,42637.85,44122.34,6606.64,36.89,13.01,0.00
411,56,3424.77,96103.60,43765.09,45488.97,6849.54,36.89,14.00,0.00
412,56,3098.03,87867.90,40001.41,41670.43,6196.06,36.89,14.00,0.00
413,56,3344.75,97681.74,44672.68,46320.56,6688.50,35.59,20.00,0.00
414,56,3373.04,96402.09,43965.50,45689.52,6747.08,35.59,24.00,0.00
415,56,3373.14,96142.85,43774.75,45622.83,6745.27,34.95,15.00,0.00
416,56,3178.88,89840.67,40903.49,42579.42,6357.76,37.56,12.00,0.00
417,56,3114.25,87774.91,40052.15,41494.27,6228.49,39.65,15.00,0.00
418,56,3110.90,87699.23,40036.73,41439.69,6222.80,41.10,19.00,0.00
419,56,3211.99,90624.76,41408.89,42791.89,6423.98,36.89,10.00,0.00
420,56,3242.78,92671.58,42243.07,43942.95,6485.55,39.65,17.00,0.00
421,56,3268.10,93483.98,42705.36,44242.41,6536.21,35.59,16.00,0.00
422,56,3252.29,93071.22,42432.75,44133.90,6504.57,36.24,12.00,0.00
423,56,3191.88,92239.66,42018.48,43837.41,6383.77,36.89,11.00,0.00
424,56,3238.84,91476.57,41756.98,43242.90,6476.69,36.89,18.00,0.00
425,56,3335.87,95578.36,43603.34,45302.28,6672.75,36.24,17.00,0.00
426,56,2924.13,82641.77,37665.72,39127.78,5848.27,38.25,7.00,0.00
427,56,3505.99,101409.69,46256.86,48140.85,7011.98,34.33,12.00,0.00
428,56,3139.09,87833.53,39992.15,41563.20,6278.18,38.25,12.00,0.00
429,56,3290.01,94062.25,42932.12,44550.12,6580.02,35.59,14.00,0.00
430,56,3585.88,100069.55,45656.43,47242.37,7170.75,34.33,19.00,0.00
431,56,3090.94,86138.32,39390.23,40565.21,6182.88,36.89,12.00,0.00
432,56,3310.16,94136.59,42942.09,44575.17,6619.32,37.56,20.00,0.00
433,56,3272.12,93771.32,42755.52,44470.58,6545.23,36.89,16.00,0.00
434,56,3456.05,98488.39,44931.63,46644.66,6912.10,35.59,13.00,0.00
435,56,3397.94,94137.23,43000.19,44341.17,6795.87,34.95,17.00,0.00
436,56,3343.96,95260.85,43428.47,45144.45,6687.92,37.56,13.00,0.00
437,56,3298.64,93811.74,42860.31,44354.15,6597.28,36.24,17.00,0.00
438,56,3240.34,91155.60,41616.38,43058.54,6480.68,36.24,10.00,0.00
439,56,3330.88,93031.75,42392.52,43977.46,6661.77,34.95,9.00,0.00
440,56,3131.83,89217.03,40739.73,42213.65,6263.65,38.94,14.00,0.00
441,56,3203.32,91467.26,41759.23,43300.38,6407.65,37.56,10.00,0.00
442,56,3256.87,92425.30,42156.31,43757.25,6511.74,35.59,10.00,0.00
443,56,3303.94,93577.21,42643.19,44325.15,6608.87,36.89,13.00,0.00
444,56,3313.14,93876.94,42866.80,44383.86,6626.28,36.89,14.00,0.00
445,56,3220.90,92478.16,42160.70,43875.65,6441.80,41.10,14.00,0.00
446,56,3216.02,90369.42,41292.19,42645.20,6432.03,36.24,18.00,0.00
447,56,3272.18,92496.20,42155.37,43796.46,6544.37,39.65,22.00,0.00
448,56,3199.92,89860.83,40883.01,42578.97,6398.85,37.56,18.00,0.00
449,56,3384.10,97383.82,44335.28,46279.34,6769.20,36.89,8.00,0.00
450,56,3195.06,92048.72,42062.78,43595.81,6390.12,36.89,18.00,0.00
451,56,3449.83,100610.93,45835.69,47875.59,6899.65,34.33,9.00,0.00
452,56,2924.92,83193.66,37940.93,39402.89,5849.84,40.37,14.00,0.00
453,56,3298.01,93270.21,42686.10,43989.10,6595.02,35.59,14.00,0.00
454,56,3139.83,85877.45,39213.92,40382.86,6280.67,38.25,13.00,0.00
455,56,3393.17,97841.86,44600.22,46455.31,6786.34,36.24,22.00,0.00
456,56,3228.98,90222.49,41131.77,42632.76,6457.96,36.89,22.00,0.00
457,56,3257.02,93269.61,42438.28,44317.29,6514.04,36.24,11.00,0.00
458,56,3549.10,100341.82,45726.28,47517.33,7098.20,35.59,14.00,0.00
459,56,3316.69,94397.30,43117.03,44646.89,6633.39,35.59,13.00,0.00
460,56,3423.23,96169.48,43904.96,45418.06,6846.46,34.95,22.00,0.00
461,56,3178.07,91320.97,41672.90,43291.93,6356.14,36.89,10.00,0.00
462,56,3210.05,92486.45,42221.66,43844.69,6420.10,36.89,16.00,0.00
463,56,3381.87,97608.36,44594.34,46250.28,6763.75,34.95,17.00,0.00
464,56,3064.90,87399.61,39881.68,41388.14,6129.80,38.25,12.00,0.00
465,56,3254.20,92167.92,42004.46,43655.07,6508.40,39.65,15.01,0.00
466,56,3366.15,97246.34,44398.98,46115.06,6732.30,34.95,12.00,0.00
467,56,2993.84,86740.32,39613.86,41138.78,5987.68,36.24,19.00,0.00
468,56,3309.91,92564.47,42274.85,43669.81,6619.82,36.24,10.00,0.00
469,56,3341.38,96730.05,43956.02,46091.27,6682.76,37.56,17.00,0.00
470,56,3191.91,91672.33,41890.78,43397.74,6383.81,37.56,16.00,0.00
471,56,3359.97,95983.14,43784.61,45478.59,6719.94,34.95,15.00,0.00
472,56,3179.99,90574.60,41295.82,42918.81,6359.97,35.59,10.00,0.00
473,56,3333.00,95218.11,43389.05,45163.05,6666.01,35.59,15.00,0.00
474,56,3152.08,90861.39,41524.09,43033.13,6304.17,34.33,8.00,0.00
475,56,3162.97,89418.18,40740.63,42351.61,6325.94,38.94,20.00,0.00
476,56,3509.71,100321.73,45724.23,47578.08,7019.42,35.59,11.00,0.00
477,56,3288.19,95173.57,43461.54,45135.64,6576.38,36.89,9.00,0.00
478,56,3393.09,95766.40,43749.10,45231.13,6786.17,34.95,12.00,0.00
479,56,3296.75,93299.87,42522.75,44183.62,6593.50,36.89,18.00,0.00
480,56,3397.18,96206.07,43847.31,45564.40,6794.36,36.89,9.00,0.00
481,56,3426.98,99188.40,45283.73,47050.72,6853.96,35.59,16.00,0.00
482,56,3282.00,94089.87,42887.94,44637.94,6563.99,36.89,15.00,0.00
483,56,3389.87,97283.21,44355.27,46148.20,6779.74,36.24,19.00,0.00
484,56,3115.03,87293.93,39766.42,41297.44,6230.07,38.25,11.00,0.00
485,56,3279.03,93919.87,42883.39,44478.41,6558.06,34.95,15.00,0.00
486,56,3136.14,89362.04,40824.85,42264.91,6272.28,38.94,12.00,0.00
487,56,3330.80,93200.48,42564.48,43974.40,6661.61,35.59,16.00,0.00
488,56,3190.06,90659.61,41399.74,42879.76,6380.11,36.89,8.00,0.00
489,56,3129.20,88269.76,40331.63,41679.72,6258.41,38.94,8.00,0.00
490,56,3176.86,91050.85,41517.11,43180.03,6353.71,37.56,8.00,0.00
491,56,3355.98,95346.46,43528.75,45105.75,6711.96,36.24,17.00,0.00
492,56,3404.01,97312.24,44430.11,46074.11,6808.02,35.59,12.00,0.00
493,56,3029.10,85180.90,38900.32,40222.37,6058.21,38.25,11.00,0.00
494,56,3188.70,94360.15,43112.96,44869.79,6377.40,38.25,22.00,0.00
495,56,3164.17,91312.80,41556.18,43429.28,6327.33,36.24,13.00,0.00
496,56,3080.95,89476.66,40960.39,42353.37,6162.91,37.56,12.00,0.00
497,56,3248.30,93949.79,42892.01,44561.17,6496.61,36.89,8.00,0.00
498,56,3232.90,92678.18,42274.71,43937.66,6465.80,36.89,14.00,0.00
499,56,3259.78,91346.74,41713.14,43114.05,6519.55,37.56,13.00,0.00
500,56,3456.05,97910.37,44697.62,46300.65,6912.10,34.95,18.00,0.00
501,56,3053.78,87417.80,39801.18,41509.06,6107.57,36.24,15.00,0.00
502,56,3098.16,87293.56,39924.08,41173.15,6196.32,38.94,10.00,0.00
503,56,3366.96,95136.94,43439.52,44963.50,6733.93,35.59,22.00,0.00
504,56,3211.16,90897.54,41500.07,42975.15,6422.32,37.56,14.00,0.00
505,56,3230.97,91534.07,41747.57,43324.56,6461.93,36.89,14.00,0.00
506,56,3344.50,94450.78,43130.51,44631.28,6688.99,36.89,8.00,0.00
507,56,3366.07,95881.10,43735.96,45413.00,6732.15,35.59,10.00,0.00
508,56,3426.32,97921.10,44649.15,46419.32,6852.64,34.33,16.00,0.00
509,56,3043.93,87021.88,39636.03,41297.99,6087.85,37.56,9.00,0.00
510,56,3487.27,97092.59,44261.46,45856.59,6974.55,36.24,14.00,0.00
511,56,3174.74,91294.61,41649.63,43295.49,6349.49,35.59,13.00,0.00
512,56,3132.19,90345.51,41207.52,42873.62,6264.38,35.59,14.00,0.00
513,56,3125.17,89745.97,40991.27,42504.35,6250.35,38.25,12.00,0.00
514,56,3176.75,91093.97,41561.79,43178.67,6353.51,38.25,14.00,0.00
515,56,3123.12,88701.51,40507.60,41947.66,6246.25,38.25,15.00,0.00
516,56,3608.94,101123.33,46004.24,47901.21,7217.88,34.33,20.00,0.00
517,56,3406.77,99057.38,45206.98,47037.85,6812.54,35.59,14.00,0.00
518,56,3289.02,92027.70,41995.32,43454.33,6578.05,36.89,16.00,0.00
519,56,3302.07,94091.06,42892.94,44592.98,6605.14,37.56,20.00,0.00
520,56,3481.04,98847.18,45079.54,46806.56,6961.08,36.89,14.00,0.00
521,56,3154.78,91206.58,41631.07,43264.95,6310.56,37.56,14.00,0.00
522,56,2979.22,83623.12,38115.79,39548.89,5958.44,38.25,15.00,0.00
523,56,3210.17,92160.92,42061.25,43679.33,6420.34,36.24,14.00,0.00
524,56,3189.80,91125.30,41646.39,43099.30,6379.60,35.59,15.00,0.00
525,56,3346.09,95039.49,43330.14,45017.18,6692.18,36.89,18.00,0.00
526,56,3498.08,100545.20,45907.00,47642.04,6996.15,36.89,10.00,0.00
527,56,3145.75,89711.83,41002.72,42417.61,6291.50,37.56,16.00,0.00
528,56,3311.75,93926.00,42880.81,44420.69,6624.51,35.59,7.00,0.00
529,56,3268.53,92352.11,42062.88,43753.16,6536.07,36.24,15.00,0.00
530,56,3333.03,94132.79,42898.36,44568.38,6666.06,35.59,16.00,0.00
531,56,3225.85,90991.82,41556.09,42984.03,6451.70,38.94,12.00,0.00
532,56,3332.31,96659.89,44088.83,45906.45,6664.61,35.59,23.00,0.00
533,56,3640.98,103726.86,47355.72,49089.19,7281.96,34.95,11.00,0.00
534,56,3293.78,95105.78,43393.16,45125.05,6587.57,38.25,13.00,0.00
535,56,3228.87,93294.13,42501.23,44335.16,6457.73,35.59,22.00,0.00
536,56,3009.14,86455.08,39422.86,41013.94,6018.28,37.56,10.00,0.00
537,56,3371.93,96587.91,44087.05,45757.01,6743.85,35.59,12.00,0.00
538,56,3111.93,89283.04,40743.10,42316.07,6223.86,36.24,18.00,0.00
539,56,3254.54,93440.22,42615.95,44315.19,6509.09,35.59,10.00,0.00
540,56,3279.84,91572.31,41736.38,43276.25,6559.68,39.65,10.01,0.00
541,56,3060.83,84686.40,38532.91,40030.83,6122.67,38.25,17.00,0.00
542,56,3315.09,92935.60,42363.18,43943.23,6629.19,34.33,16.00,0.00
543,56,3163.77,88030.70,40218.12,41487.03,6325.55,36.89,20.00,0.00
544,56,3702.22,107577.33,49011.89,51159.01,7406.44,33.72,16.00,0.00
545,56,3329.98,92461.48,42107.76,43694.75,6658.96,37.56,15.00,0.00
546,56,3279.75,94149.95,43006.78,44583.66,6559.51,36.24,14.00,0.00
547,56,3354.32,95600.14,43589.17,45302.33,6708.64,34.95,17.00,0.00
548,56,3314.71,96522.66,43950.20,45942.03,6630.43,36.24,16.00,0.00
549,56,3331.94,95389.29,43544.22,45181.19,6663.88,37.56,23.00,0.00
550,56,3296.99,94575.81,43151.91,44829.91,6593.99,36.24,18.00,0.00
551,56,3215.23,91487.48,41745.96,43311.07,6430.46,37.56,16.00,0.00
552,56,3319.82,94739.84,43183.65,44916.55,6639.64,36.24,10.00,0.00
553,56,3282.09,94340.58,43134.18,44642.22,6564.18,37.56,16.00,0.00
554,56,3189.50,89049.03,40572.88,42097.16,6378.99,36.89,18.99,0.00
555,56,3191.57,89496.01,40765.05,42347.82,6383.14,38.94,15.01,0.00
556,56,3113.21,89124.15,40632.81,42264.92,6226.43,36.89,12.00,0.00
557,56,3397.04,96999.25,44232.57,45972.59,6794.09,34.95,17.00,0.00
558,56,3195.64,91546.77,41792.33,43363.16,6391.29,38.94,12.00,0.00
559,56,3631.07,101556.97,46327.90,47966.93,7262.14,34.33,17.00,0.00
560,56,2985.88,84748.62,38718.46,40058.40,5971.76,38.94,11.00,0.00
561,56,3320.28,94219.82,43023.57,44555.70,6640.55,36.89,20.00,0.00
562,56,3337.12,95945.39,43772.55,45498.61,6674.24,35.59,13.00,0.00
563,56,3082.84,88376.28,40286.85,41923.76,6165.67,36.89,9.00,0.00
564,56,3396.82,98031.83,44710.64,46527.54,6793.64,34.33,10.00,0.00
565,56,3329.24,93911.78,42819.09,44434.21,6658.48,34.33,11.00,0.00
566,56,3375.83,98387.10,44896.76,46739.67,6750.66,35.59,19.00,0.00
567,56,3319.17,95342.75,43575.17,45128.25,6639.33,36.24,21.00,0.00
568,56,3258.76,93002.23,42398.91,44086.79,6516.53,35.59,18.00,0.00
569,56,3255.27,92757.74,42319.53,43926.67,6511.54,36.89,13.00,0.00
570,56,3056.90,88742.16,40479.70,42148.65,6113.80,38.25,4.00,0.00
571,56,3157.09,88794.48,40436.13,42044.18,6314.18,36.89,12.00,0.00
572,56,3323.91,94902.36,43358.79,44895.75,6647.81,36.89,18.00,0.00
573,56,3136.95,88895.65,40573.38,42048.36,6273.90,38.25,10.00,0.00
574,56,3335.99,94275.82,42994.92,44608.91,6671.99,35.59,16.00,0.00
575,56,3483.01,98337.22,44827.10,46544.10,6966.02,34.95,17.00,0.00
576,56,3328.27,95315.70,43533.52,45125.64,6656.54,35.59,15.00,0.00
577,56,3069.64,86525.98,39425.43,40961.26,6139.29,36.89,13.00,0.00
578,56,3216.33,90422.39,41249.28,42740.44,6432.67,36.89,13.00,0.00
579,56,3261.86,93206.90,42562.13,44122.06,6522.71,37.56,18.00,0.00
580,56,3168.94,89588.22,40909.19,42340.16,6338.87,36.89,12.00,0.00
581,56,3432.93,96698.03,44160.10,45672.07,6865.86,34.95,17.00,0.00
582,56,3723.20,107093.89,48815.68,50831.79,7446.41,33.72,15.00,0.00
583,56,2984.02,84746.70,38617.32,40162.33,5967.05,38.94,14.00,0.00
584,56,3218.86,90243.20,41137.27,42667.20,6438.73,36.89,16.00,0.00
585,56,3365.08,95298.28,43571.04,44997.08,6730.16,35.59,16.00,0.00
586,56,3446.91,100234.30,45699.77,47640.72,6893.81,34.95,19.00,0.00
587,56,3142.09,87647.50,39953.14,41410.18,6284.18,36.24,9.00,0.00
588,56,3463.87,98145.31,44828.31,46389.25,6927.74,34.33,16.00,0.00
589,56,3414.80,99209.12,45254.32,47126.21,6828.60,35.59,19.00,0.00
590,56,3392.31,96153.79,43912.02,45456.16,6785.62,36.24,16.00,0.00
591,56,3109.11,85403.11,39047.42,40138.46,6217.23,40.37,12.00,0.00
592,56,3296.67,91197.75,41511.79,43091.63,6594.33,34.33,14.00,0.00
593,56,3273.02,92118.49,42020.22,43552.23,6546.03,36.89,12.00,0.00
594,56,3243.42,93441.38,42673.17,44282.38,6485.83,34.95,13.99,0.00
595,56,3311.84,93477.94,42624.68,44228.57,6624.68,37.56,19.01,0.00
596,56,3184.76,91879.05,41982.82,43527.71,6368.52,37.56,9.00,0.00
597,56,3133.99,88305.81,40210.91,41825.91,6268.99,38.94,6.00,0.00
598,56,3206.03,89282.72,40769.33,42101.34,6412.05,36.89,12.00,0.00
599,56,3245.05,93293.35,42584.62,44218.64,6490.09,35.59,12.00,0.00
600,56,3376.14,96683.97,44152.81,45778.88,6752.28,35.59,11.00,0.00
601,56,3315.97,94825.14,43273.61,44919.59,6631.94,36.24,18.00,0.00
602,56,3464.85,98551.68,44886.03,46735.95,6929.70,35.59,8.00,0.00
603,56,3271.11,91779.21,41904.47,43332.52,6542.23,36.89,16.00,0.00
604,56,3139.02,89914.63,41129.29,42507.30,6278.04,36.89,18.00,0.00
605,56,3162.03,90544.85,41258.39,42962.40,6324.06,37.56,8.00,0.00
606,56,3255.02,92130.48,41988.22,43632.23,6510.03,36.24,12.00,0.00
607,56,3381.94,96087.24,43928.20,45395.17,6763.88,35.59,19.00,0.00
608,56,3360.90,96723.25,44152.74,45848.70,6721.81,34.95,17.00,0.00
609,56,3353.91,93570.44,42582.83,44279.79,6707.82,36.89,18.00,0.00
610,56,3304.13,94763.61,43324.65,44830.71,6608.25,37.56,15.00,0.00
611,56,3415.88,98996.59,45071.45,47093.38,6831.76,35.59,13.00,0.00
612,56,3289.23,93139.49,42527.96,44033.07,6578.46,36.89,18.00,0.00
613,56,3549.70,98491.69,44896.21,46496.08,7099.40,33.72,9.00,0.00
614,56,3221.08,90663.35,41314.07,42907.11,6442.17,36.24,13.00,0.00
615,56,3407.24,94467.54,42994.98,44659.09,6813.47,37.56,17.00,0.00
616,56,3552.03,100822.96,45917.44,47800.46,7105.07,34.33,12.00,0.00
617,56,3074.74,87608.59,39963.62,41495.49,6149.48,37.56,7.00,0.00
618,56,3360.26,94976.31,43254.33,45001.46,6720.52,35.59,15.00,0.00
619,56,3090.81,87350.68,39839.57,41329.48,6181.62,36.24,6.00,0.00
620,56,3338.17,96183.92,43845.24,45663.33,6675.34,34.95,11.00,0.00
621,56,3205.10,90027.76,41132.26,42484.30,6411.20,35.59,18.00,0.00
622,56,3199.47,89712.21,40822.53,42490.73,6398.95,38.94,11.99,0.00
623,56,3383.24,97237.61,44367.25,46103.88,6766.48,35.59,20.01,0.00
624,56,3269.30,90269.20,41156.74,42573.87,6538.59,36.24,15.00,0.00
625,56,3120.51,86514.45,39506.81,40766.61,6241.02,36.89,12.00,0.00
626,56,3188.58,92216.71,42057.62,43781.93,6377.16,38.94,8.00,0.00
627,56,3011.88,86426.69,39587.49,40815.44,6023.77,38.25,11.00,0.00
628,56,3316.80,96365.23,43881.37,45850.25,6633.60,36.24,19.00,0.00
629,56,3361.24,95695.75,43703.08,45270.19,6722.47,34.95,21.00,0.00
630,56,3167.94,89657.42,40907.28,42414.25,6335.89,36.24,19.00,0.00
631,56,3476.75,99361.88,45297.75,47111.62,6952.50,34.33,14.00,0.00
632,56,3146.01,89417.35,40812.16,42312.17,6293.02,37.56,13.00,0.00
633,56,3305.82,92821.08,42302.76,43906.67,6611.65,36.89,16.00,0.00
634,56,3478.48,96390.36,43912.08,45521.31,6956.96,34.95,17.00,0.00
635,56,3167.86,91832.99,41940.17,43557.10,6335.72,37.56,10.00,0.00
636,56,3053.03,87596.91,40029.41,41461.43,6106.06,36.89,17.00,0.00
637,56,3402.09,96134.51,43875.15,45455.19,6804.18,36.24,20.00,0.00
638,56,3208.91,91985.32,41904.78,43662.73,6417.81,38.25,7.00,0.00
639,56,3136.96,89419.81,40797.46,42348.43,6273.92,38.25,15.00,0.00
640,56,3182.25,90435.24,41193.30,42877.43,6364.51,37.56,19.00,0.00
641,56,3422.72,97991.11,44763.40,46383.27,6844.45,35.59,23.00,0.00
642,56,3354.98,96655.38,44082.72,45861.71,6710.96,36.24,24.00,0.00
643,56,3288.05,95230.43,43481.65,45172.68,6576.10,36.89,17.00,0.00
644,56,3669.01,103221.31,47086.14,48797.15,7338.02,34.33,20.00,0.00
645,56,3368.97,97391.05,44517.56,46135.55,6737.93,35.59,7.00,0.00
646,56,3278.59,92425.37,42185.69,43682.51,6557.18,35.59,9.00,0.00
647,56,3199.53,92084.23,42001.95,43683.23,6399.06,38.25,19.00,0.00
648,56,3226.01,92223.30,42086.14,43685.14,6452.02,36.89,13.00,0.00
649,56,3309.76,93497.15,42674.87,44202.76,6619.51,36.89,14.00,0.00
650,56,3372.27,96392.72,43957.52,45690.66,6744.54,34.95,15.00,0.00
651,56,3381.86,95439.02,43504.18,45171.11,6763.72,36.89,17.00,0.00
652,56,3173.05,89420.42,40815.65,42258.67,6346.10,37.56,13.00,0.00
653,56,3364.92,95458.75,43431.98,45296.93,6729.84,36.89,13.00,0.00
654,56,3191.66,90930.83,41468.59,43078.91,6383.32,35.59,15.99,0.00
655,56,3179.67,90558.60,41391.76,42809.50,6357.34,38.25,14.01,0.00
656,56,3268.85,91470.80,41711.08,43220.01,6539.70,36.24,18.00,0.00
657,56,3502.70,100166.36,45768.05,47393.91,7004.40,34.95,17.00,0.00
658,56,3270.04,95513.20,43651.55,45320.57,6541.08,34.33,17.00,0.00
659,56,3361.78,96182.69,43990.11,45470.02,6722.56,36.89,17.00,0.00
660,56,3472.41,98751.54,45072.27,46733.46,6945.81,34.95,14.00,0.00
661,56,3098.86,90062.92,41056.14,42809.06,6197.72,36.24,8.00,0.00
662,56,3465.02,99814.62,45521.28,47363.29,6930.04,34.33,14.00,0.00
663,56,3076.96,85028.76,38822.43,40052.42,6153.91,37.56,18.00,0.00
664,56,3329.10,95693.98,43611.36,45425.42,6657.21,36.24,9.00,0.00
665,56,3083.09,85064.92,38783.56,40114.17,6167.18,36.89,11.00,0.00
666,56,3309.90,92030.99,41936.39,43475.80,6618.80,35.59,15.00,0.00
667,56,3465.07,95803.92,43701.87,45170.90,6931.14,34.33,15.00,0.00
668,56,3273.21,93928.64,42853.57,44528.65,6546.42,37.56,11.99,0.00
669,56,2979.73,84913.32,38662.46,40291.40,5959.46,37.56,11.01,0.00
670,56,3240.92,92278.86,42050.03,43747.99,6480.85,36.89,13.00,0.00
671,56,3121.02,88277.59,40213.27,41821.28,6243.04,35.59,9.00,0.00
672,56,3296.02,94998.48,43343.22,45063.23,6592.03,35.59,13.00,0.00
673,56,3334.94,95228.26,43543.21,45015.18,6669.88,34.95,15.00,0.00
674,56,3324.97,93127.12,42490.60,43986.58,6649.94,34.95,22.00,0.00
675,56,3324.24,93788.70,42791.05,44349.17,6648.47,36.89,17.00,0.00
676,56,3276.59,92250.47,42061.74,43634.54,6554.18,36.24,16.00,0.00
677,56,3271.19,96718.48,44126.50,46050.61,6541.37,36.89,13.00,0.00
678,56,3421.95,97567.51,44546.32,46177.29,6843.90,33.72,20.00,0.00
679,56,3428.16,94999.34,43383.98,44759.05,6856.31,35.59,13.00,0.00
680,56,3294.02,93093.64,42549.29,43956.30,6588.05,36.24,15.00,0.00
681,56,3513.77,100758.42,45879.01,47851.88,7027.54,34.95,21.00,0.00
682,56,3174.03,90976.76,41589.35,43039.36,6348.05,37.56,16.00,0.00
683,56,3410.27,95783.57,43704.45,45258.58,6820.54,34.95,18.00,0.00
684,56,3360.60,97150.57,44330.78,46098.57,6721.21,35.59,15.00,0.00
685,56,3295.29,94465.32,43122.80,44752.94,6589.58,37.56,9.00,0.00
686,56,3348.08,95848.16,43732.98,45419.02,6696.15,37.56,13.00,0.00
687,56,3313.77,95797.23,43669.92,45498.79,6628.53,35.59,17.00,0.00
688,56,3513.24,99554.70,45311.05,47217.18,7026.47,34.33,23.00,0.00
689,56,3400.78,97736.57,44611.06,46323.95,6801.55,36.89,13.00,0.00
690,56,3258.07,92197.08,42006.95,43673.99,6516.15,37.56,18.00,0.00
691,56,3101.03,88858.84,40547.39,42109.40,6202.06,37.56,13.00,0.00
692,56,3671.94,101778.43,46306.28,48128.26,7343.89,32.53,16.00,0.00
693,56,3363.93,95827.02,43742.10,45357.06,6727.86,35.59,11.00,0.00
694,56,3369.38,95654.84,43660.95,45255.13,6738.76,36.89,15.00,0.00
695,56,3198.53,91033.57,41540.87,43095.64,6397.06,38.25,18.00,0.00
696,56,3386.55,94774.27,43131.95,44869.23,6773.09,35.59,20.00,0.00
697,56,3387.55,95140.26,43373.19,44991.97,6775.09,35.59,8.00,0.00
698,56,3101.18,86694.90,39574.24,40918.31,6202.35,37.56,20.00,0.00
699,56,3213.75,91866.84,42008.73,43430.62,6427.50,36.24,12.00,0.00
700,56,3167.11,90925.22,41437.47,43154.53,6333.22,36.24,7.00,0.00
701,56,3127.96,89123.87,40662.48,42204.46,6256.92,36.89,5.00,0.00
702,56,3234.11,91532.22,41743.47,43322.52,6466.23,36.24,10.00,0.00
703,56,3445.79,97051.14,44119.33,46038.22,6893.58,35.59,10.00,0.00
704,56,3311.29,92480.05,42189.67,43667.80,6622.58,36.89,15.00,0.00
705,56,3525.98,99613.49,45381.77,47179.76,7051.96,35.59,17.00,0.00
706,56,2939.86,82049.01,37488.18,38681.12,5879.71,40.37,12.00,0.00
707,56,3373.05,95988.31,43797.60,45444.62,6746.09,35.59,21.00,0.00
708,56,3628.61,102554.04,46766.00,48530.81,7257.22,34.95,12.00,0.00
709,56,3057.60,87065.20,39643.83,41306.16,6115.21,36.89,20.00,0.00
710,56,3394.82,96249.94,43831.70,45628.60,6789.64,38.25,11.00,0.00
711,56,3106.01,86526.24,39418.11,40896.11,6212.02,38.25,12.00,0.00
712,56,3300.04,94231.19,42995.54,44635.56,6600.08,38.94,16.00,0.00
713,56,3323.93,93369.12,42582.14,44139.11,6647.87,36.24,22.00,0.00
714,56,3205.78,92111.61,41969.09,43732.97,6409.56,37.56,16.00,0.00
715,56,3245.30,91305.34,41713.81,43098.94,6492.59,37.56,15.00,0.00
716,56,3325.73,96020.13,43802.41,45566.27,6651.45,34.33,10.00,0.00
717,56,3106.85,87697.87,40045.12,41441.05,6211.71,37.56,10.00,0.00
718,56,3187.26,88502.18,40480.28,41645.38,6376.52,37.56,8.00,0.00
719,56,3162.19,91508.47,41763.50,43420.60,6324.38,37.56,16.00,0.00
720,56,3131.81,89106.63,40682.55,42160.46,6263.62,40.37,14.00,0.00
721,56,3113.87,86224.43,39393.37,40605.32,6225.74,38.94,13.00,0.00
722,56,3576.15,100446.35,45760.98,47531.06,7154.31,36.24,15.00,0.00
723,56,3257.85,92236.67,42086.03,43634.95,6515.69,36.24,17.00,0.00
724,56,3099.12,88757.38,40431.54,42127.60,6198.24,36.89,10.00,0.00
725,56,3337.19,94037.29,42934.42,44428.50,6674.38,36.89,18.00,0.00
726,56,3170.79,89307.02,40726.27,42239.17,6341.58,35.59,16.00,0.00
727,56,3388.78,95982.72,43767.14,45439.03,6776.56,36.89,16.00,0.00
728,56,3392.32,96463.21,43923.19,45754.37,6785.65,34.33,18.00,0.00
729,56,3437.06,97072.59,44333.73,45864.75,6874.11,34.95,12.00,0.00
730,56,3490.09,96088.43,43806.11,45302.14,6980.18,34.95,14.00,0.00
731,56,2988.91,85482.35,39029.79,40474.74,5977.81,40.37,20.00,0.00
732,56,3416.10,94765.74,43179.25,44754.30,6832.20,36.24,12.00,0.00
733,56,3339.77,94080.62,42899.09,44501.98,6679.55,36.24,17.00,0.00
734,56,3358.33,96209.49,43909.33,45585.49,6714.66,36.24,13.00,0.00
735,56,2946.66,84023.41,38340.62,39787.46,5895.33,42.61,15.00,0.00
736,56,3413.79,98452.07,44881.30,46743.19,6827.59,35.59,21.00,0.00
737,56,3345.34,94913.73,43356.44,44866.60,6690.69,35.59,17.00,0.00
738,56,3065.87,88957.15,40708.24,42117.18,6131.73,37.56,8.00,0.00
739,56,3289.25,91298.99,41626.19,43094.30,6578.50,36.24,9.00,0.00
740,56,3289.06,93626.74,42680.80,44368.83,6577.12,36.89,14.00,0.00
741,56,3436.71,99200.57,45290.15,47036.00,6874.42,36.24,16.00,0.00
742,56,2985.10,85577.84,39063.30,40544.35,5970.20,37.56,14.00,0.00
743,56,3249.78,92250.65,42041.11,43709.99,6499.55,36.24,20.00,0.00
744,56,3251.18,92896.14,42401.35,43992.44,6502.36,36.89,13.00,0.00
745,56,3158.01,89759.23,40916.10,42527.11,6316.02,36.89,15.00,0.00
746,56,3343.07,94018.92,42895.88,44436.91,6686.14,37.56,11.00,0.00
747,56,3047.98,86657.52,39529.78,41031.77,6095.97,37.56,8.00,0.00
748,56,3305.98,93261.48,42551.76,44097.75,6611.96,40.37,9.00,0.00
749,56,3268.94,91297.30,41637.22,43122.20,6537.88,36.24,19.00,0.00
750,56,3092.15,87059.16,39561.17,41314.68,6183.31,36.89,10.00,0.00
751,56,3083.96,89108.61,40650.60,42289.10,6168.91,36.24,12.00,0.00
752,56,3334.06,94938.77,43279.81,44990.84,6668.12,36.89,16.00,0.00
753,56,3173.76,90604.22,41347.91,42908.79,6347.53,36.89,13.00,0.00
754,56,3392.14,96078.10,43800.87,45492.94,6784.29,36.24,16.00,0.00
755,56,3266.02,91877.48,41885.22,43461.22,6531.03,34.95,14.00,0.00
756,56,2984.83,84954.06,38703.75,40279.66,5970.65,40.37,15.00,0.00
757,56,3317.12,94431.41,42989.55,44807.62,6634.24,36.24,13.00,0.00
758,56,3180.02,91048.56,41548.26,43140.27,6360.04,35.59,15.00,0.00
759,56,3211.08,91492.36,41801.08,43269.12,6422.17,38.25,15.00,0.00
760,56,3102.01,88146.31,40252.14,41690.15,6204.02,40.37,18.00,0.00
761,56,3347.96,97261.93,44390.51,46175.49,6695.93,34.33,18.00,0.00
762,56,3190.90,91110.13,41549.69,43178.64,6381.80,37.56,15.00,0.00
763,56,3512.03,97157.76,44290.35,45843.36,7024.05,34.33,22.00,0.00
764,56,3451.01,99507.35,45428.16,47177.17,6902.02,35.59,15.00,0.00
765,56,3177.01,92844.35,42377.16,44113.17,6354.02,37.56,10.00,0.00
766,56,3418.79,97692.06,44577.29,46278.19,6836.58,36.24,14.00,0.00
767,56,3187.05,91311.37,41618.63,43317.65,6375.10,37.56,14.00,0.00
768,56,3112.26,88998.86,40666.34,42108.00,6224.52,40.37,11.00,0.00
769,56,3255.81,92862.98,42396.49,43954.88,6511.61,34.95,13.00,0.00
770,56,3153.08,91765.45,41816.11,43643.16,6306.17,39.65,15.00,0.00
771,56,3323.91,94986.47,43253.85,45084.80,6647.82,37.56,16.00,0.00
772,56,3403.34,98152.91,44775.52,46571.70,6805.69,36.24,8.00,0.00
773,56,3376.04,94901.01,43282.69,44865.24,6753.08,35.59,11.00,0.00
774,56,3304.59,93238.52,42480.53,44148.82,6609.17,37.56,18.00,0.00
775,56,3392.17,96713.85,44063.21,45866.30,6784.34,35.59,13.00,0.00
776,56,3295.73,92704.31,42315.49,43797.37,6591.45,36.24,15.00,0.00
777,56,3566.13,101594.80,46401.74,48060.80,7132.27,34.33,20.00,0.00
778,56,3231.97,90864.14,41452.61,42947.59,6463.94,36.89,11.00,0.00
779,56,3304.11,93808.13,42806.43,44393.48,6608.22,36.89,16.00,0.00
780,56,3253.99,93046.78,42460.90,44077.90,6507.98,36.89,12.00,0.00
781,56,3466.83,97941.33,44643.87,46363.79,6933.67,35.59,16.00,0.00
782,56,3271.33,92450.40,42128.28,43779.45,6542.67,35.59,17.00,0.00
783,56,3436.65,97195.08,44319.48,46002.31,6873.30,35.59,16.00,0.00
784,56,3290.39,95511.23,43664.13,45266.32,6580.77,38.94,16.00,0.00
785,56,3271.81,93406.64,42698.55,44165.47,6542.62,36.89,19.00,0.00
786,56,2993.19,84791.41,38674.47,40129.56,5987.38,38.94,14.00,0.00
787,56,3109.78,90480.67,41321.11,42940.00,6219.57,36.24,7.00,0.00
788,56,3416.91,96376.36,43913.80,45628.75,6833.81,35.59,14.00,0.00
789,56,3276.13,91849.57,41902.63,43394.68,6552.25,38.25,19.00,0.00
790,56,3351.19,95817.44,43745.48,45369.58,6702.38,36.24,10.00,0.00
791,56,3350.91,94132.60,42876.90,44553.86,6701.83,36.24,14.00,0.00
792,56,3270.78,92108.72,41814.15,43753.02,6541.55,36.89,15.00,0.00
793,56,3241.09,92935.70,42401.23,44052.28,6482.19,35.59,10.00,0.00
794,56,3174.01,91966.42,42007.19,43611.20,6348.03,36.89,20.00,0.00
795,56,3272.93,92753.15,42337.16,43870.12,6545.87,37.56,17.00,0.00
796,56,3052.05,87195.44,39779.66,41311.68,6104.10,38.94,6.00,0.00
797,56,3328.94,95410.14,43500.15,45252.12,6657.87,37.56,16.00,0.00
798,56,3218.38,92644.04,42263.04,43944.24,6436.77,37.56,17.00,0.00
799,56,3121.20,89528.07,40891.53,42395.14,6241.40,38.25,9.00,0.00
800,56,3277.46,93095.06,42544.97,43995.17,6554.92,35.59,12.00,0.00
801,56,3260.08,92740.32,42272.06,43947.10,6521.16,36.24,12.00,0.00
802,56,3246.94,92353.36,42112.25,43747.22,6493.88,36.24,13.00,0.00
803,56,3282.81,93956.56,42843.52,44548.42,6564.62,36.24,15.00,0.00
804,56,3219.18,91257.22,41578.38,43239.48,6439.37,37.56,15.00,0.00
805,56,3235.08,92875.23,42388.02,44017.06,6470.16,38.25,15.00,0.00
806,56,2934.02,83015.46,37945.21,39203.22,5867.03,40.37,11.00,0.00
807,56,3316.96,94582.89,43118.50,44830.48,6633.92,36.24,14.00,0.00
808,56,3410.76,95863.39,43734.98,45305.88,6822.53,36.24,14.00,0.00
809,56,3046.16,86944.70,39650.14,41202.23,6092.33,38.94,13.00,0.00
810,56,3475.21,99397.05,45340.76,47106.87,6949.42,34.95,20.00,0.00
811,56,3024.82,85491.98,39058.71,40382.63,6050.64,38.94,11.00,0.00
812,56,3119.29,88795.30,40562.79,41993.92,6238.58,42.61,18.00,0.00
813,56,3172.95,91362.49,41699.31,43317.28,6345.90,37.56,12.00,0.00
814,56,3571.71,103472.50,47160.13,49168.96,7143.41,33.12,8.00,0.00
815,56,3119.34,89217.58,40737.38,42242.54,6237.67,38.94,17.00,0.00
816,56,3373.60,95861.14,43839.77,45273.17,6748.19,36.24,11.00,0.00
817,56,3504.19,98158.30,44760.18,46390.74,7007.38,33.12,15.01,0.00
818,56,3275.97,92122.24,42018.65,43550.64,6552.95,37.56,14.00,0.00
819,56,3303.99,92907.67,42492.85,43806.84,6607.98,37.56,19.00,0.00
820,56,3039.98,86721.34,39469.70,41171.69,6079.95,37.56,17.00,0.00
821,56,3172.64,90739.57,41434.24,42962.06,6343.27,36.89,18.00,0.00
822,56,3296.44,96466.99,44082.94,45789.17,6594.89,34.95,17.00,0.00
823,56,3311.14,93864.96,42757.80,44485.88,6621.28,35.59,19.00,0.00
824,56,3043.00,86406.11,39465.05,40855.05,6086.01,36.89,13.00,0.00
825,56,3349.83,95956.16,43748.79,45506.71,6700.66,38.94,20.00,0.00
826,56,3475.15,99765.34,45532.98,47282.06,6950.30,34.33,17.00,0.00
827,56,3390.85,95589.91,43615.13,45193.06,6781.71,36.89,13.00,0.00
828,56,3343.99,98032.75,44679.89,46664.88,6687.98,34.33,21.00,0.00
829,56,3211.94,90892.21,41413.18,43055.15,6423.87,35.59,14.00,0.00
830,56,3178.88,89147.57,40755.43,42034.38,6357.76,36.24,18.00,0.00
831,56,3265.16,93093.44,42330.02,44234.11,6529.31,36.89,18.00,0.00
832,56,3315.98,94890.52,43196.78,45060.77,6632.97,36.89,16.00,0.00
833,56,3330.01,94206.26,42969.12,44577.13,6660.02,36.24,12.00,0.00
834,56,3341.86,95194.09,43426.22,45084.15,6683.73,34.95,12.00,0.00
835,56,3535.97,102983.06,46941.57,48969.55,7071.94,34.33,15.00,0.00
836,56,3156.03,88749.77,40524.35,41914.36,6311.05,36.89,11.00,0.00
837,56,3084.10,87856.72,40037.24,41650.29,6169.19,37.56,14.00,0.00
838,56,3133.05,88830.49,40581.68,41982.70,6266.11,37.56,12.00,0.00
839,56,3343.99,94409.58,43117.81,44604.80,6686.97,36.24,10.00,0.00
840,56,3003.08,86453.40,39434.09,41013.14,6006.17,36.89,11.00,0.00
841,56,3376.85,97029.57,44249.98,46024.90,6754.69,38.25,22.00,0.00
842,56,3315.99,93811.67,42791.85,44387.84,6631.98,35.59,15.00,0.00
843,56,3268.01,93468.31,42734.14,44198.15,6536.02,37.56,13.00,0.00
844,56,3181.99,88857.61,40510.82,41982.82,6363.97,35.59,14.00,0.00
845,56,3269.53,93073.23,42454.95,44080.22,6538.07,36.89,16.99,0.00
846,56,3356.66,96951.86,44247.84,45989.70,6714.31,35.59,15.01,0.00
847,56,3301.94,93822.22,42773.19,44445.16,6603.87,37.56,15.00,0.00
848,56,3459.08,97937.14,44714.97,46304.01,6918.15,34.33,14.00,0.00
849,56,3112.96,87800.75,40045.43,41529.41,6225.91,38.25,14.00,0.00
850,56,3212.56,90603.57,41298.33,42880.12,6425.12,38.25,9.00,0.00
851,56,3327.59,94687.92,43220.72,44813.01,6654.19,36.24,20.00,0.00
852,56,3211.85,92146.59,41988.99,43732.91,6424.69,36.24,17.00,0.00
853,56,3430.03,97983.78,44682.36,46441.37,6860.05,34.95,14.00,0.00
854,56,3348.00,92959.87,42427.94,43835.94,6695.99,36.24,17.00,0.00
855,56,3145.42,90692.42,41350.44,43051.13,6290.85,37.56,11.00,0.00
856,56,3467.71,97522.95,44477.10,46110.43,6935.42,34.95,10.00,0.00
857,56,3191.00,91824.07,41973.03,43469.03,6382.00,37.56,12.00,0.00
858,56,3187.89,90433.01,41291.63,42765.59,6375.79,36.24,17.00,0.00
859,56,3168.07,89225.11,40653.96,42235.00,6336.15,37.56,13.00,0.00
860,56,3312.93,91985.08,41944.13,43415.10,6625.86,36.24,7.00,0.00
861,56,3337.91,94384.33,43082.78,44625.74,6675.81,36.24,17.00,0.00
862,56,3240.02,92252.57,42105.26,43667.27,6480.04,36.24,13.00,0.00
863,56,3269.02,93424.64,42685.29,44201.30,6538.05,36.89,11.00,0.00
864,56,3278.92,93776.77,42740.98,44477.94,6557.84,35.59,18.00,0.00
865,56,3358.95,95448.47,43545.30,45185.27,6717.89,36.24,15.00,0.00
866,56,3227.35,90788.90,41327.51,43006.69,6454.70,33.72,15.00,0.00
867,56,3450.94,98828.16,45170.16,46756.13,6901.87,36.24,21.00,0.00
868,56,3462.86,97362.17,44413.25,46023.19,6925.73,34.95,19.00,0.00
869,56,3322.98,93954.20,42830.87,44477.37,6645.96,35.59,16.99,0.00
870,56,3383.66,96943.01,44379.70,45795.98,6767.33,36.24,8.00,0.00
871,56,3273.42,92110.70,42057.34,43506.52,6546.83,37.56,14.00,0.00
872,56,3150.17,88684.68,40465.14,41920.21,6299.33,36.24,14.00,0.00
873,56,3143.68,89024.97,40547.89,42188.72,6288.36,36.89,15.00,0.00
874,56,3306.15,94475.16,43123.90,44738.97,6612.29,36.89,13.00,0.00
875,56,3180.86,89763.96,40981.16,42421.09,6361.71,35.59,13.00,0.00
876,56,3344.35,96553.00,44036.56,45827.75,6688.69,38.25,6.00,0.00
877,56,3179.87,90649.43,41350.37,42939.31,6359.75,37.56,12.00,0.00
878,56,3324.07,95377.00,43560.91,45169.95,6646.14,36.24,11.00,0.00
879,56,3398.09,96861.53,44184.15,45880.20,6797.18,36.89,11.00,0.00
880,56,3367.36,96312.74,43960.67,45616.35,6735.72,36.24,16.00,0.00
881,56,3099.36,89825.44,40930.76,42695.96,6198.72,40.37,14.00,0.00
882,56,3559.89,103764.85,47297.57,49347.50,7119.78,34.33,12.00,0.00
883,56,3503.28,100594.22,45853.53,47734.14,7006.55,35.59,16.00,0.00
884,56,2942.73,83457.77,38146.49,39425.81,5885.46,38.94,9.00,0.00
885,56,3268.97,94874.00,43293.54,45042.52,6537.93,37.56,20.00,0.00
886,56,3130.00,89242.98,40741.99,42240.99,6260.00,37.56,22.00,0.00
887,56,3433.85,100248.73,45702.05,47678.97,6867.71,34.33,20.00,0.00
888,56,3296.98,94099.56,42938.80,44566.79,6593.97,36.24,14.00,0.00
889,56,3455.91,98295.47,44859.84,46524.80,6910.82,34.95,22.00,0.00
890,56,3236.82,92834.96,42344.70,44015.61,6474.65,36.89,10.00,0.00
891,56,3115.48,88113.53,40182.17,41700.40,6230.96,36.89,11.00,0.00
892,56,3115.68,88830.99,40505.89,42093.73,6231.37,38.25,10.00,0.00
893,56,3159.19,89498.39,40834.46,42345.55,6318.38,36.24,11.00,0.00
894,56,3473.91,98737.35,45140.79,46648.75,6947.81,36.89,16.00,0.00
895,56,3132.02,88031.69,40196.31,41571.32,6264.05,38.25,16.00,0.00
896,56,2995.06,85055.62,38761.74,40303.77,5990.11,36.89,10.00,0.00
897,56,3495.04,101143.10,46163.50,47989.52,6990.08,35.59,14.00,0.00
898,56,2986.96,84103.76,38353.44,39777.42,5972.91,39.65,14.00,0.00
899,56,3261.91,94103.44,43038.83,44539.79,6524.82,36.24,18.00,0.00
