sysbench 1.0.20 (using bundled LuaJIT 2.1.0-beta2)

Running the test with following options:
Number of threads: 56
Report intermediate results every 1 second(s)
Initializing random number generator from current time


Initializing worker threads...

Threads started!

1,56,1735.49,48272.68,21963.24,22615.17,3694.27,116.80,9.97,0.00
2,56,2576.86,72996.32,33332.92,34509.68,5153.72,92.42,8.01,0.00
3,56,3694.13,103870.58,47441.64,49041.69,7387.25,62.19,17.00,0.00
4,56,4514.93,127685.15,58229.16,60426.13,9029.87,54.83,22.00,0.00
5,56,5235.63,147348.46,67190.19,69686.01,10472.25,46.63,29.00,0.00
6,56,5521.41,161300.07,73627.51,76628.73,11043.83,44.17,22.00,0.00
7,56,6423.89,182394.49,83179.63,86368.08,12846.78,30.26,29.99,0.00
8,56,6856.58,195875.56,89182.54,92980.86,13712.16,26.20,26.00,0.00
9,56,7526.74,211908.80,96671.72,100183.60,15053.49,16.12,34.00,0.00
10,56,7905.78,224005.04,102190.05,106002.43,15812.56,15.83,42.00,0.00
11,56,8444.72,242081.84,110437.28,114755.13,16889.43,14.46,31.00,0.00
12,56,9112.72,255065.18,116456.43,120383.31,18225.44,14.21,48.00,0.00
13,56,9137.49,258744.89,118038.33,122432.57,18273.98,14.46,45.00,0.00
14,56,9389.85,267174.86,121867.11,126528.04,18779.71,14.46,44.00,0.00
15,56,9742.45,277746.33,126589.86,131671.57,19484.90,14.21,36.00,0.00
16,56,8078.06,226963.70,103537.77,107269.80,16156.12,18.95,34.00,0.00
17,56,7592.30,215328.47,98249.86,101893.01,15185.60,18.61,32.00,0.00
18,56,7229.93,208005.06,94940.11,98606.08,14458.87,20.74,25.00,0.00
19,56,7579.23,214120.54,97581.98,101379.10,15159.46,18.28,34.00,0.00
20,56,7330.91,209214.50,95483.86,99068.82,14661.82,19.29,33.00,0.00
21,56,7513.28,214715.03,97924.66,101763.80,15026.56,18.61,28.00,0.00
22,56,7410.66,208902.39,95247.62,98833.46,14821.32,20.74,40.00,0.00
23,56,7948.43,229750.32,105024.63,108828.84,15896.85,17.32,37.00,0.00
24,56,7240.72,207627.11,94617.41,98528.26,14481.45,20.74,36.00,0.00
25,56,7730.47,219744.45,100283.14,104000.37,15460.95,18.61,38.00,0.00
26,56,7410.69,211937.27,96698.02,100418.86,14820.39,19.65,32.00,0.00
27,56,7900.67,222238.59,101350.71,105085.55,15802.33,18.61,38.00,0.00
28,56,7955.42,225958.96,103131.46,106915.66,15911.84,17.63,32.00,0.00
29,56,7604.61,213672.96,97427.97,101035.78,15209.21,19.29,46.00,0.00
30,56,7440.21,211958.95,96648.71,100430.82,14879.42,18.95,27.00,0.00
31,56,7101.31,200957.40,91645.06,95109.73,14202.62,22.69,31.00,0.00
32,56,7811.65,222806.40,101519.38,105664.73,15622.29,18.61,36.00,0.00
33,56,7780.39,218778.98,99630.00,103587.20,15561.78,19.29,33.00,0.00
34,56,7686.44,217819.04,99391.72,103054.45,15372.87,18.28,36.00,0.00
35,56,7470.11,212700.20,96993.46,100768.51,14938.22,19.29,38.00,0.00
36,56,7956.06,225766.60,102915.73,106936.76,15914.11,17.63,36.00,0.00
37,56,7665.68,219384.55,100124.67,103929.52,15330.36,17.95,35.99,0.00
38,56,7110.09,203947.83,93268.36,96458.30,14221.17,21.50,29.01,0.00
39,56,7489.71,211606.11,96628.18,99998.50,14979.42,20.74,25.00,0.00
40,56,7555.12,217318.74,99181.47,103030.02,15107.24,20.74,37.00,0.00
41,56,7626.92,215627.72,98398.96,101971.92,15256.84,20.00,33.00,0.00
42,56,7262.11,205401.12,93885.43,96993.47,14522.22,20.00,38.00,0.00
43,56,7231.02,206612.53,94229.24,97921.25,14462.04,19.65,24.00,0.00
44,56,7341.05,210087.40,95811.64,99591.66,14684.10,18.61,35.00,0.00
45,56,6993.87,201814.19,92013.26,95814.19,13986.74,20.00,33.00,0.00
46,56,6829.17,195420.18,89072.14,92690.70,13657.34,20.37,22.00,0.00
47,56,7198.25,205829.80,93908.33,97522.96,14398.50,18.95,34.01,0.00
48,56,6953.78,201399.58,91917.07,95574.95,13907.56,19.65,31.00,0.00
49,56,6751.26,192249.48,87648.41,91099.55,13501.53,21.50,36.00,0.00
50,56,7125.86,199785.13,91128.24,94404.17,14252.72,19.65,27.00,0.00
51,56,7275.69,206988.15,94394.97,98041.81,14551.38,17.95,27.00,0.00
52,56,6897.00,196815.94,89819.97,93201.97,13794.00,20.00,24.00,0.00
53,56,6555.18,187247.28,85431.41,88705.50,13110.37,20.74,28.00,0.00
54,56,7122.24,200614.64,91347.02,95023.14,14244.47,19.29,31.00,0.00
55,56,6749.98,190917.31,87072.68,90344.67,13499.95,20.37,27.00,0.00
56,56,6475.77,186916.39,85258.99,88706.86,12950.54,21.50,30.00,0.00
57,56,6920.42,197222.95,89868.44,93512.66,13841.84,19.29,39.00,0.00
58,56,6696.68,191832.93,87430.87,91008.70,13393.37,20.74,31.00,0.00
59,56,6931.88,197753.67,90199.48,93690.42,13863.77,18.95,32.00,0.00
60,56,6772.79,193822.84,88431.19,91846.07,13545.59,20.37,36.99,0.00
61,56,6785.63,191458.14,87261.79,90625.09,13571.26,19.65,28.01,0.00
62,56,6566.68,186939.95,85242.87,88563.71,13133.36,21.11,35.00,0.00
63,56,6456.90,182625.20,83248.73,86462.68,12913.80,22.28,31.00,0.00
64,56,6346.32,183638.34,83838.26,87107.43,12692.65,20.00,28.00,0.00
65,56,6200.65,177855.92,81153.40,84300.22,12402.30,22.69,28.00,0.00
66,56,6087.20,171293.59,78182.55,80937.64,12173.40,21.89,16.00,0.00
67,56,6638.00,188081.07,85890.03,88915.04,13276.01,20.00,28.00,0.00
68,56,6447.66,182096.37,83034.61,86166.44,12895.32,20.74,25.00,0.00
69,56,6394.37,183024.51,83461.79,86773.98,12788.73,20.37,26.00,0.00
70,56,5863.19,167030.54,76147.53,79156.63,11726.39,22.69,25.00,0.00
71,56,6080.59,174897.34,79604.69,83131.46,12161.19,21.50,27.00,0.00
72,56,5973.23,170966.69,78027.05,80994.17,11945.47,23.52,24.00,0.00
73,56,5838.99,164008.78,74837.90,77491.89,11678.98,22.28,22.00,0.00
74,56,6347.11,180840.08,82576.40,85570.46,12693.22,20.37,40.00,0.00
75,56,5659.03,159332.88,72849.40,75165.41,11318.06,23.52,28.00,0.00
76,56,6029.85,171648.67,78209.03,81378.95,12060.70,21.50,28.00,0.00
77,56,5801.45,164416.21,74975.03,77838.27,11602.91,23.10,24.99,0.00
78,56,5745.65,163674.97,74708.44,77475.23,11491.30,21.89,23.01,0.00
79,56,5527.92,158937.69,72549.95,75331.91,11055.84,23.52,27.00,0.00
80,56,5343.02,155174.58,70788.26,73700.27,10686.04,22.69,28.00,0.00
81,56,5196.09,147980.66,67613.22,69975.26,10392.19,24.83,24.00,0.00
82,56,5414.70,152636.64,69611.19,72196.05,10829.41,22.69,22.00,0.00
83,56,5180.12,146179.46,66708.58,69111.64,10359.25,23.10,18.00,0.00
84,56,5495.10,153209.83,69769.29,72449.34,10991.20,22.69,16.00,0.00
85,56,5203.31,147323.67,67130.95,69786.11,10406.61,23.10,19.00,0.00
86,56,5206.25,146199.96,66704.40,69083.06,10412.50,23.95,24.00,0.00
87,56,5068.25,142524.05,64865.21,67522.34,10136.50,25.28,25.00,0.00
88,56,4826.95,136721.68,62331.40,64736.38,9653.91,26.20,18.00,0.00
89,56,4963.41,139866.65,63768.31,66171.51,9926.83,25.28,23.00,0.00
90,56,4405.70,123665.47,56417.11,58436.97,8811.39,29.19,20.00,0.00
91,56,4929.28,141012.95,64365.63,66788.77,9858.56,26.68,16.00,0.00
92,56,4439.90,130782.95,59707.61,62195.55,8879.79,28.16,24.00,0.00
93,56,4473.87,130925.07,59700.21,62277.13,8947.73,27.17,12.00,0.00
94,56,4616.14,132157.01,60231.83,62692.90,9232.28,26.20,18.00,0.00
95,56,4401.00,126144.08,57595.04,59747.04,8802.01,28.16,17.00,0.00
96,56,4179.88,119967.48,54683.40,56924.33,8359.75,28.67,18.00,0.00
97,56,4201.91,115327.48,52522.85,54400.81,8403.82,30.26,16.00,0.00
98,56,4234.17,120817.89,55161.23,57188.31,8468.34,29.19,14.00,0.00
99,56,4099.09,116359.58,53092.18,55069.22,8198.18,30.26,20.00,0.00
100,56,4096.98,116419.35,53078.71,55146.69,8193.95,30.26,17.00,0.00
101,56,4006.93,113650.09,51915.13,53721.10,8013.87,31.37,18.00,0.00
102,56,3942.20,113722.85,51893.67,53944.77,7884.41,29.19,21.00,0.00
103,56,3916.88,113147.56,51624.43,53689.37,7833.76,31.37,19.00,0.00
104,56,3980.69,115040.98,52398.89,54681.71,7960.38,30.81,21.00,0.00
105,56,3982.18,113925.27,51873.40,54086.50,7965.37,30.81,15.00,0.00
106,56,3585.40,102292.49,46627.26,48494.43,7170.81,33.12,14.99,0.00
107,56,3837.73,109843.49,50082.56,52085.47,7675.46,33.12,24.01,0.00
108,56,3921.86,111029.04,50671.19,52514.13,7843.72,31.37,16.00,0.00
109,56,3851.62,111590.15,50923.58,52964.32,7702.25,30.26,11.99,0.00
110,56,3774.08,106327.57,48484.71,50293.70,7549.16,32.53,20.01,0.00
111,56,3678.48,105141.68,48008.25,49776.48,7356.96,33.72,18.00,0.00
112,56,3546.86,102473.01,46816.18,48565.11,7091.72,32.53,15.00,0.00
113,56,3635.96,102159.95,46615.52,48270.50,7273.92,34.33,24.00,0.00
114,56,3706.01,105361.29,47912.13,50037.14,7412.02,33.72,12.00,0.00
115,56,3686.10,104118.79,47444.27,49302.32,7372.20,31.94,16.00,0.00
116,56,3581.92,100182.69,45639.95,47378.91,7163.83,34.33,20.00,0.00
117,56,3551.02,100421.51,45860.23,47459.24,7102.04,33.12,17.00,0.00
118,56,3451.08,98882.38,45118.09,46862.13,6902.17,34.33,15.00,0.00
119,56,3581.83,103302.13,47232.77,48905.69,7163.66,33.12,20.00,0.00
120,56,3300.07,93524.92,42640.88,44284.91,6599.14,34.95,17.00,0.00
121,56,3255.04,92825.11,42373.51,43940.52,6511.08,35.59,10.00,0.00
122,56,3454.96,98265.92,44894.51,46461.49,6909.92,35.59,15.00,0.00
123,56,3262.07,93897.95,42817.89,44555.93,6524.14,37.56,15.00,0.00
124,56,3277.90,92514.10,42153.68,43804.63,6555.79,34.95,12.00,0.00
125,56,3180.10,89578.92,40845.33,42373.38,6360.21,36.89,12.00,0.00
126,56,3155.89,90728.89,41350.58,43067.52,6310.78,39.65,14.00,0.00
127,56,3263.48,94048.15,42881.23,44638.95,6527.97,36.24,12.00,0.00
128,56,3267.37,92366.41,42133.75,43697.93,6534.74,36.89,19.00,0.00
129,56,3405.38,95355.62,43457.84,45087.02,6810.76,34.95,14.00,0.00
130,56,3198.87,91075.37,41510.34,43167.28,6397.74,37.56,18.00,0.00
131,56,3130.06,87835.61,40096.73,41478.76,6260.11,36.24,7.00,0.00
132,56,3384.74,95512.78,43628.70,45114.59,6769.49,34.95,17.00,0.00
133,56,3284.09,92895.46,42333.12,43994.16,6568.17,37.56,10.00,0.00
134,56,3049.99,87889.73,40077.88,41711.87,6099.98,38.94,13.00,0.00
135,56,3267.13,91736.67,41856.67,43345.73,6534.26,38.25,18.00,0.00
136,56,3102.08,86715.41,39525.34,40985.91,6204.17,38.94,22.99,0.00
137,56,3000.78,84534.02,38543.04,39989.42,6001.56,39.65,15.00,0.00
138,56,3241.06,92788.69,42278.77,44027.80,6482.12,37.56,14.00,0.00
139,56,3174.11,90638.09,41340.41,42949.47,6348.22,38.94,9.00,0.00
140,56,2940.89,84257.93,38346.60,40029.54,5881.79,40.37,16.00,0.00
141,56,3164.88,90743.43,41405.37,43008.31,6329.75,38.25,16.00,0.00
142,56,3064.25,88037.21,40232.30,41676.41,6128.50,39.65,13.00,0.00
143,56,3273.79,93400.96,42637.24,44216.14,6547.58,35.59,14.00,0.00
144,56,2880.09,82694.52,37799.15,39135.19,5760.18,40.37,9.00,0.00
145,56,3148.86,88207.02,40219.19,41691.12,6296.72,37.56,13.00,0.00
146,56,3212.09,90819.43,41452.11,42942.15,6425.17,36.89,22.00,0.00
147,56,2943.01,85303.25,38972.12,40445.12,5886.02,38.94,15.00,0.00
148,56,3095.73,87334.31,39860.49,41282.37,6191.46,40.37,22.00,0.00
149,56,3187.36,89944.11,40928.60,42640.79,6374.72,39.65,14.00,0.00
150,56,2790.96,80531.97,36724.53,38225.51,5581.93,40.37,13.00,0.00
151,56,3104.10,88114.84,40190.29,41716.34,6208.20,39.65,12.00,0.00
152,56,2784.91,79138.35,36178.79,37389.75,5569.81,42.61,14.00,0.00
153,56,2931.89,83276.74,37921.52,39491.46,5863.77,38.25,6.00,0.00
154,56,3194.21,92135.07,41919.76,43828.89,6386.42,38.25,10.00,0.00
155,56,3096.14,89455.96,40755.80,42505.88,6194.27,38.25,13.00,0.00
156,56,2967.97,84844.23,38678.65,40229.63,5935.95,41.85,7.00,0.00
157,56,3107.85,86453.80,39472.08,40766.02,6215.70,37.56,19.00,0.00
158,56,2857.97,79821.18,36339.63,37766.61,5714.94,41.85,15.00,0.00
159,56,3016.16,87438.66,39861.13,41544.22,6033.32,40.37,20.00,0.00
160,56,3030.85,85603.84,39066.10,40476.03,6061.71,41.85,16.00,0.00
161,56,2864.07,79669.91,36365.87,37575.90,5728.14,40.37,11.00,0.00
162,56,3237.02,93190.47,42488.22,44228.22,6474.03,38.25,11.00,0.00
163,56,3062.88,87384.63,39877.46,41382.41,6124.76,40.37,20.00,0.00
164,56,3169.10,90412.93,41218.33,42855.39,6339.21,40.37,18.00,0.00
165,56,3052.04,87097.26,39642.57,41350.60,6104.09,38.94,19.00,0.00
166,56,3085.73,86912.29,39659.48,41081.35,6171.45,38.94,16.00,0.00
167,56,3105.11,87351.03,39891.38,41249.43,6210.22,37.56,7.00,0.00
168,56,3086.95,87588.60,39973.36,41441.34,6173.90,37.56,10.00,0.00
169,56,3185.96,92265.83,42096.47,43797.44,6371.92,37.56,15.00,0.00
170,56,3235.01,91750.33,41779.15,43501.16,6470.02,37.56,12.00,0.00
171,56,3209.23,89517.35,40916.90,42181.99,6418.46,35.59,9.00,0.00
172,56,3179.01,90959.15,41500.07,43101.07,6358.01,37.56,12.00,0.00
173,56,3203.78,88953.00,40524.27,42021.16,6407.57,36.24,27.00,0.00
174,56,3224.12,93993.44,42774.57,44770.64,6448.24,37.56,15.00,0.00
175,56,3188.08,90610.14,41327.98,42906.01,6376.15,37.56,14.00,0.00
176,56,3069.94,88367.29,40279.22,41948.19,6139.88,39.65,18.00,0.00
177,56,3067.91,87959.55,40177.88,41645.84,6135.83,36.89,14.00,0.00
178,56,3149.17,88316.70,40216.14,41802.22,6298.34,36.89,14.00,0.00
179,56,3123.90,86366.14,39389.69,40728.65,6247.79,36.89,13.00,0.00
180,56,3129.22,88835.32,40544.88,42031.99,6258.45,36.24,14.00,0.00
181,56,2988.10,84862.57,38722.40,40163.97,5976.21,38.25,7.00,0.00
182,56,3036.90,88299.24,40217.95,42007.49,6073.81,38.25,13.00,0.00
183,56,3092.74,86877.78,39630.70,41061.59,6185.49,38.25,12.00,0.00
184,56,2935.95,85568.40,39045.27,40651.24,5871.89,38.94,14.00,0.00
185,56,3082.10,85583.85,38960.30,40459.35,6164.21,38.94,19.00,0.00
186,56,3226.87,94483.22,43177.27,44852.20,6453.74,37.56,17.00,0.00
187,56,3116.02,88455.52,40360.24,41863.24,6232.04,38.25,20.00,0.00
188,56,2982.86,84330.10,38454.22,39910.16,5965.72,38.94,9.00,0.00
189,56,3338.18,91978.07,41766.30,43536.40,6675.37,36.89,16.00,0.00
190,56,3065.96,87560.91,39976.50,41453.48,6130.92,39.65,11.00,0.00
191,56,3089.88,88738.53,40513.42,42044.36,6180.76,36.89,11.00,0.00
192,56,3458.32,96624.85,44018.03,45689.19,6917.63,36.89,17.00,0.00
193,56,3239.08,91991.26,41941.03,43572.07,6478.16,35.59,24.00,0.00
194,56,3498.75,97722.91,44547.77,46177.65,6997.49,34.95,10.00,0.00
195,56,3115.09,87184.51,39780.15,41174.19,6230.18,37.56,10.00,0.00
196,56,2995.02,86158.48,39229.22,40939.23,5990.03,36.89,10.00,0.00
197,56,3240.67,91299.69,41573.76,43244.59,6481.34,34.33,8.00,0.00
198,56,3446.36,96511.01,43979.56,45638.73,6892.72,34.95,10.00,0.00
199,56,3375.98,92948.44,42383.75,43812.74,6751.96,36.89,17.00,0.00
200,56,3250.07,90420.92,41219.88,42700.91,6500.14,35.59,21.00,0.00
201,56,3266.88,93719.66,42658.48,44527.41,6533.77,37.56,15.00,0.00
202,56,3318.04,93260.20,42529.55,44094.57,6636.09,36.24,14.00,0.00
203,56,3034.97,86813.06,39611.57,41131.56,6069.93,38.25,9.00,0.00
204,56,3249.05,91014.34,41430.61,43085.64,6498.10,36.89,9.00,0.00
205,56,3291.94,94034.20,42947.18,44503.15,6583.87,34.95,21.00,0.00
206,56,3301.12,92543.47,42223.58,43717.64,6602.25,38.25,14.00,0.00
207,56,3321.03,93944.81,42772.37,44530.38,6642.06,35.59,13.00,0.00
208,56,3403.77,95690.62,43671.09,45212.99,6806.55,33.12,7.00,0.00
209,56,3244.01,92024.36,41984.17,43551.17,6489.03,34.95,17.00,0.00
210,56,3184.12,89651.43,40912.56,42370.62,6368.24,36.89,11.00,0.00
211,56,3097.94,88422.32,40328.23,41898.20,6195.88,38.25,12.00,0.00
212,56,3551.16,101359.58,46265.09,47992.17,7102.32,33.72,12.00,0.00
213,56,3457.92,97584.73,44532.97,46135.93,6915.84,35.59,14.00,0.00
214,56,3071.94,88687.34,40444.24,42099.21,6143.89,37.56,10.00,0.00
215,56,3218.16,91102.58,41595.09,43071.16,6436.32,35.59,25.00,0.00
216,56,3379.92,95897.74,43745.97,45391.93,6759.84,34.95,20.00,0.00
217,56,3447.89,97809.90,44585.59,46328.53,6895.78,34.33,10.00,0.00
218,56,3384.00,97702.99,44563.00,46373.00,6767.00,34.33,20.00,0.00
219,56,3336.22,95479.24,43613.85,45191.95,6673.44,34.95,13.00,0.00
220,56,3334.78,96341.76,44053.15,45619.05,6669.57,33.72,15.00,0.00
221,56,3177.72,89843.15,41007.42,42480.29,6355.44,36.24,15.00,0.00
222,56,3463.33,97141.18,44294.18,45920.34,6926.65,34.33,10.00,0.00
223,56,3301.17,95862.94,43780.26,45480.34,6602.34,36.89,24.00,0.00
224,56,3360.94,96924.19,44279.17,45923.14,6721.87,34.33,21.00,0.00
225,56,3516.90,101896.99,46528.62,48334.57,7033.79,34.33,10.00,0.00
226,56,3485.97,101829.13,46463.60,48393.59,6971.94,33.72,12.00,0.00
227,56,3577.14,102649.01,46818.83,48676.90,7153.28,34.33,20.00,0.00
228,56,3282.84,92646.44,42324.92,43754.85,6566.68,37.56,11.00,0.00
229,56,3350.18,96105.11,43918.33,45486.42,6700.36,34.95,16.00,0.00
230,56,3367.90,97271.20,44358.72,46176.67,6735.81,34.33,12.00,0.00
231,56,3392.97,97282.04,44317.56,46178.54,6785.93,34.95,7.00,0.00
232,56,3523.13,99490.64,45402.66,47041.72,7046.26,33.72,21.00,0.00
233,56,3089.87,87679.26,40038.29,41461.23,6179.74,35.59,8.00,0.00
234,56,3525.14,102457.07,46715.86,48690.93,7050.28,35.59,12.00,0.00
235,56,3436.95,96434.57,43977.35,45583.32,6873.90,34.33,14.00,0.00
236,56,3530.86,103474.85,47343.10,49070.03,7061.72,34.33,17.00,0.00
237,56,3406.05,95502.46,43489.66,45201.69,6811.10,35.59,12.00,0.00
238,56,3451.09,98932.52,45149.15,46880.19,6903.18,34.33,14.00,0.00
239,56,3493.06,98294.81,44771.82,46536.86,6986.13,36.24,13.00,0.00
240,56,3557.85,98441.98,44864.17,46461.10,7116.71,31.94,16.00,0.00
241,56,3335.04,94860.11,43276.51,44914.52,6669.08,35.59,14.00,0.00
242,56,3382.97,95033.08,43303.58,44963.56,6765.93,33.72,15.00,0.00
243,56,3652.82,104205.89,47528.67,49371.58,7305.64,32.53,12.00,0.00
244,56,3349.20,97573.92,44518.70,46356.81,6698.41,34.33,10.00,0.00
245,56,3276.01,92115.19,41978.09,43585.09,6552.01,34.33,13.00,0.00
246,56,3581.01,100535.32,45813.15,47560.15,7162.02,32.53,17.00,0.00
247,56,3508.15,99548.20,45432.92,47098.99,7016.30,33.72,16.00,0.00
248,56,3360.85,95519.74,43604.05,45193.98,6721.70,35.59,13.00,0.00
249,56,3509.97,99980.01,45663.55,47296.53,7019.93,33.72,17.00,0.00
250,56,3692.98,104816.54,47815.79,49614.78,7385.97,31.94,14.00,0.00
251,56,3481.90,99434.16,45353.70,47116.65,6963.80,34.95,17.00,0.00
252,56,3483.90,99740.04,45482.65,47289.60,6967.79,33.12,15.00,0.00
253,56,3433.01,97378.42,44338.19,46174.20,6866.03,33.72,11.00,0.00
254,56,3355.27,95136.54,43403.44,45022.57,6710.53,34.33,10.00,0.00
255,56,3311.32,93600.53,42659.37,44319.52,6621.64,34.33,14.99,0.00
256,56,3307.60,94787.85,43189.89,44981.76,6616.20,35.59,13.01,0.00
257,56,3614.07,101050.91,45982.87,47840.91,7227.14,34.33,15.00,0.00
258,56,3208.92,89834.88,41005.03,42411.00,6418.85,35.59,8.00,0.00
259,56,3721.09,100208.45,45625.11,47141.15,7442.18,31.94,16.00,0.00
260,56,3594.07,103228.10,47069.96,48970.00,7188.15,33.72,24.00,0.00
261,56,3306.96,92227.95,42158.52,43455.51,6613.93,36.24,12.00,0.00
262,56,3194.01,90052.16,41086.07,42578.08,6388.01,36.89,22.00,0.00
263,56,3234.86,92216.97,42070.16,43677.09,6469.72,34.95,12.00,0.00
264,56,3616.13,101399.71,46251.69,47915.75,7232.26,33.12,12.00,0.00
265,56,3752.80,106188.26,48412.38,50270.28,7505.59,31.94,11.00,0.00
266,56,3693.03,104313.95,47560.43,49368.45,7385.07,32.53,16.00,0.00
267,56,3304.95,93199.66,42546.39,44042.37,6610.90,34.95,13.00,0.00
268,56,3561.02,99756.47,45482.21,47152.22,7122.03,33.12,17.00,0.00
269,56,3464.23,99260.53,45305.98,47026.10,6928.46,33.12,18.00,0.00
270,56,3453.81,97857.50,44624.49,46326.40,6906.61,34.33,13.00,0.00
271,56,3515.11,100700.03,45947.38,47721.43,7031.21,33.12,16.00,0.00
272,56,3335.91,94866.33,43351.78,44842.74,6671.81,33.72,13.00,0.00
273,56,3381.09,98257.67,44950.22,46545.26,6762.18,33.72,16.00,0.00
274,56,3433.88,96609.51,44076.41,45665.35,6867.75,34.33,13.00,0.00
275,56,3428.09,96744.54,44088.16,45800.20,6856.18,34.95,13.00,0.00
276,56,3136.98,90001.41,41099.73,42627.72,6273.96,33.72,11.00,0.00
277,56,3392.96,96423.80,44010.45,45627.43,6785.92,33.72,14.00,0.00
278,56,3221.29,90448.11,41306.70,42700.83,6440.58,35.59,10.00,0.00
279,56,3346.90,93574.15,42682.70,44195.65,6695.80,36.89,15.00,0.00
280,56,3466.82,98939.77,45081.61,46924.52,6933.63,34.33,12.00,0.00
281,56,3325.99,95331.79,43573.91,45105.90,6651.99,34.95,22.00,0.00
282,56,3509.25,99494.97,45372.18,47104.30,7018.49,33.72,17.00,0.00
283,56,3444.94,97864.19,44704.17,46269.15,6890.87,32.53,20.00,0.00
284,56,3545.01,100311.26,45659.12,47563.12,7089.02,31.94,13.00,0.00
285,56,3293.91,94480.31,43084.78,44807.73,6587.81,36.24,8.00,0.00
286,56,3506.86,100667.05,45919.20,47734.13,7013.72,36.24,16.00,0.00
287,56,3577.23,100966.53,46066.98,47745.09,7154.46,32.53,13.00,0.00
288,56,3423.01,97628.22,44548.10,46234.10,6846.02,34.95,17.00,0.00
289,56,3493.01,99955.17,45694.08,47275.08,6986.01,33.72,10.00,0.00
290,56,3462.47,96671.16,44069.23,45677.99,6923.94,35.59,14.00,0.00
291,56,3446.35,95668.62,43626.39,45148.54,6893.69,33.72,16.00,0.00
292,56,3900.00,111186.01,50726.00,52660.00,7800.00,31.37,21.00,0.00
293,56,3645.16,103966.56,47370.08,49307.16,7289.32,32.53,18.00,0.00
294,56,3543.85,103710.55,47322.97,49298.88,7088.70,32.53,15.00,0.00
295,56,3583.09,102250.69,46581.22,48503.27,7166.19,32.53,19.00,0.00
296,56,3476.71,99888.57,45575.15,47360.00,6953.41,34.33,18.00,0.00
297,56,3425.18,97981.25,44618.39,46513.49,6849.37,33.12,11.00,0.00
298,56,3541.60,99364.66,45287.83,46992.64,7084.19,34.95,11.00,0.00
299,56,3416.42,97875.03,44650.49,46392.70,6831.84,33.12,23.00,0.00
300,56,3244.23,91837.60,41940.01,43408.12,6489.47,34.33,16.00,0.00
301,56,3453.84,95866.45,43797.92,45160.86,6907.67,33.72,17.00,0.00
302,56,3556.20,100926.76,46067.63,47746.72,7112.41,33.72,13.00,0.00
303,56,3576.70,103487.29,47257.02,49076.87,7153.40,32.53,14.00,0.00
304,56,3502.03,100205.86,45694.39,47507.41,7004.06,34.33,15.00,0.00
305,56,3303.01,92120.22,42039.10,43475.10,6606.02,35.59,11.00,0.00
306,56,3589.93,102550.89,46784.04,48587.00,7179.85,33.72,13.00,0.00
307,56,3549.01,100837.35,46065.16,47674.16,7098.02,32.53,16.00,0.00
308,56,3296.03,92563.75,42165.34,43806.36,6592.05,36.24,10.00,0.00
309,56,3346.93,94877.94,43388.06,44796.03,6693.85,33.72,15.00,0.00
310,56,3689.15,100629.17,45897.90,47352.96,7378.31,32.53,24.00,0.00
311,56,3550.97,101240.21,46178.64,47959.62,7101.94,32.53,10.00,0.00
312,56,3465.01,98629.20,45064.09,46635.10,6930.01,33.72,11.00,0.00
313,56,3703.96,105972.87,48305.48,50259.46,7407.92,31.94,20.00,0.00
314,56,3549.28,99792.83,45499.57,47194.70,7098.56,34.33,16.00,0.00
315,56,3507.87,100293.35,45831.33,47447.27,7014.74,33.72,24.00,0.00
316,56,3412.99,94843.62,43311.83,44704.82,6826.97,34.95,10.00,0.00
317,56,3623.08,102694.31,46754.05,48694.10,7246.16,33.12,11.00,0.00
318,56,3299.80,93524.27,42631.39,44293.29,6599.60,34.95,11.00,0.00
319,56,3818.93,106763.98,48637.08,50489.05,7637.86,32.53,14.00,0.00
320,56,3487.95,99610.57,45458.35,47176.32,6975.90,32.53,16.00,0.00
321,56,3519.19,98735.20,44976.37,46720.46,7038.37,34.33,11.00,0.00
322,56,3469.92,96779.71,44136.96,45702.92,6939.84,33.72,10.00,0.00
323,56,3467.93,99097.00,45144.09,47017.05,6935.86,32.53,14.00,0.00
324,56,3568.94,102358.26,46626.21,48594.17,7137.88,31.94,19.00,0.00
325,56,3400.01,98607.32,45118.15,46689.15,6800.02,34.95,14.00,0.00
326,56,3239.03,90160.96,41196.44,42486.45,6478.07,35.59,18.00,0.00
327,56,3215.02,92653.49,42301.22,43922.23,6430.03,34.33,12.00,0.00
328,56,3214.06,94047.81,42916.83,44704.86,6426.12,37.56,11.00,0.00
329,56,3525.16,101666.66,46385.12,48229.21,7052.32,33.12,9.00,0.00
330,56,3486.00,101392.93,46365.97,48054.97,6972.00,35.59,11.00,0.00
331,56,3626.04,103390.02,47115.46,49022.48,7252.07,33.12,13.00,0.00
332,56,3714.83,106297.13,48536.78,50331.69,7428.66,32.53,14.00,0.00
333,56,3481.97,100684.00,46007.54,47711.52,6964.93,33.12,15.00,0.00
334,56,3589.23,102694.71,46820.06,48696.18,7178.47,34.33,16.00,0.00
335,56,3398.04,94793.13,43227.51,44769.53,6796.08,35.59,18.00,0.00
336,56,3630.73,104326.36,47589.51,49475.38,7261.47,33.72,22.00,0.00
337,56,3447.89,97780.86,44604.57,46280.51,6895.78,33.12,14.00,0.00
338,56,3478.09,99093.55,45155.16,46982.21,6956.18,33.12,14.00,0.00
339,56,3485.20,100270.77,45806.64,47493.73,6970.40,33.72,19.00,0.00
340,56,3559.88,98384.63,44734.47,46530.41,7119.76,32.53,10.00,0.00
341,56,3528.98,101122.28,46172.67,47891.66,7057.95,32.53,27.00,0.00
342,56,3488.04,100166.10,45660.50,47529.52,6976.08,34.33,14.00,0.00
343,56,3556.93,101417.96,46272.07,48032.03,7113.86,33.12,17.00,0.00
344,56,3395.93,95885.95,43693.06,45401.03,6791.85,34.33,22.00,0.00
345,56,3399.14,94968.82,43272.74,44897.81,6798.27,34.33,14.00,0.00
346,56,3207.99,92081.62,42048.83,43616.82,6415.97,34.33,14.00,0.00
347,56,3271.90,95732.95,43715.61,45473.55,6543.79,34.95,23.00,0.00
348,56,3630.12,103547.52,47141.60,49145.67,7260.25,33.12,16.00,0.00
349,56,3483.86,98796.97,45109.16,46720.10,6967.72,33.72,8.00,0.00
350,56,3593.03,103181.78,47079.36,48916.37,7186.05,31.94,16.00,0.00
351,56,3633.03,103525.78,47180.36,49079.37,7266.06,32.53,15.00,0.00
352,56,3877.06,108839.66,49640.76,51444.78,7754.12,31.37,30.00,0.00
353,56,3382.19,96820.37,44176.45,45879.55,6764.38,34.33,12.00,0.00
354,56,3457.01,98810.37,45087.17,46809.18,6914.03,35.59,17.00,0.00
355,56,3571.92,102538.70,46765.95,48628.91,7143.84,34.33,19.00,0.00
356,56,3673.88,103421.58,47136.44,48937.38,7347.76,31.94,13.00,0.00
357,56,3335.18,95213.10,43570.34,44972.41,6670.36,34.95,18.00,0.00
358,56,3556.75,101301.90,46315.75,47872.65,7113.50,34.95,12.00,0.00
359,56,3607.04,100832.23,45993.56,47624.58,7214.09,33.72,8.00,0.00
360,56,3592.02,99857.64,45543.29,47130.30,7184.05,31.94,17.00,0.00
361,56,3571.18,100117.99,45674.28,47301.36,7142.36,33.72,19.00,0.00
362,56,3418.81,95837.81,43740.63,45259.55,6837.63,34.33,16.00,0.00
363,56,3409.91,97708.44,44582.83,46305.79,6819.82,33.72,10.00,0.00
364,56,3769.10,105029.86,47847.30,49644.35,7538.21,31.37,18.00,0.00
365,56,3952.01,110988.25,50533.11,52552.12,7903.02,30.81,19.00,0.00
366,56,3119.02,88344.58,40322.26,41783.27,6239.04,36.89,12.00,0.00
367,56,3439.13,99498.67,45400.67,47219.74,6878.25,36.24,19.00,0.00
368,56,3248.78,93050.61,42417.09,44137.97,6495.55,34.95,15.00,0.00
369,56,3868.92,110293.86,50447.02,52106.99,7739.85,32.53,13.00,0.00
370,56,3601.22,101786.19,46349.82,48233.93,7202.44,32.53,11.00,0.00
371,56,3554.96,101438.98,46165.53,48164.51,7108.93,33.12,13.00,0.00
372,56,3579.97,101976.16,46452.62,48362.60,7160.94,32.53,17.00,0.00
373,56,3326.06,92903.71,42413.78,43838.81,6651.12,36.24,12.00,0.00
374,56,3311.96,95226.81,43498.46,45103.44,6624.92,34.33,15.00,0.00
375,56,3465.04,97127.16,44242.53,45954.55,6930.08,34.95,16.00,0.00
376,56,3296.17,94396.95,43051.26,44753.35,6592.35,33.72,12.00,0.00
377,56,3140.78,89842.83,40944.19,42617.08,6281.57,37.56,12.00,0.00
378,56,3577.12,100061.30,45503.50,47403.56,7154.24,33.72,12.00,0.00
379,56,3377.56,96127.58,43884.33,45488.12,6755.13,34.33,17.00,0.00
380,56,3230.39,92621.31,42163.15,43997.37,6460.79,34.33,14.00,0.00
381,56,3465.96,96644.82,44194.46,45518.45,6931.92,33.72,13.00,0.00
382,56,3817.06,108047.80,49262.82,51150.85,7634.13,33.12,17.00,0.00
383,56,3441.78,96562.87,43952.21,45727.10,6883.56,32.53,17.00,0.00
384,56,3484.16,98717.65,45020.12,46729.20,6968.33,34.33,15.00,0.00
385,56,3465.99,99275.68,45342.85,47000.85,6931.98,33.12,13.00,0.00
386,56,3557.02,101779.59,46351.27,48314.28,7114.04,33.72,11.00,0.00
387,56,3694.97,107619.18,49095.63,51133.61,7389.94,32.53,20.00,0.00
388,56,3684.79,103248.20,47097.35,48781.26,7369.59,33.12,13.00,0.00
389,56,3762.17,108385.83,49457.21,51404.29,7524.34,32.53,18.00,0.00
390,56,3465.89,97517.98,44497.62,46089.57,6930.79,34.33,18.00,0.00
391,56,3605.02,100714.55,45910.25,47593.26,7211.04,33.72,21.00,0.00
392,56,3748.05,106107.37,48314.62,50296.65,7496.10,31.94,15.00,0.00
393,56,3658.02,103357.67,47149.31,48892.32,7316.05,33.72,23.00,0.00
394,56,3680.57,104733.86,47781.46,49591.25,7361.15,32.53,18.00,0.00
395,56,3398.48,96526.54,44064.18,45665.41,6796.95,34.33,16.00,0.00
396,56,3619.90,104680.04,47762.65,49677.60,7239.80,32.53,19.00,0.00
397,56,3487.97,96824.26,44192.66,45656.65,6974.95,32.53,15.00,0.00
398,56,3793.18,105763.09,48277.32,49898.40,7587.36,33.72,27.00,0.00
399,56,3686.98,102871.53,46883.79,48613.78,7373.97,31.37,15.00,0.00
400,56,3865.80,109261.37,49776.44,51753.33,7731.60,33.12,10.00,0.00
401,56,3430.02,97676.57,44599.26,46217.27,6860.04,34.33,18.00,0.00
402,56,3406.99,98990.82,45287.92,46888.91,6813.99,33.72,8.00,0.00
403,56,3373.19,94872.29,43335.41,44790.50,6746.38,34.95,10.00,0.00
404,56,3384.89,94102.98,42946.62,44386.57,6769.78,36.24,15.00,0.00
405,56,3337.13,94361.80,43062.73,44624.80,6674.27,34.33,18.00,0.00
406,56,3568.85,104199.76,47662.06,49399.99,7137.71,33.12,18.00,0.00
407,56,3324.03,95342.93,43555.43,45139.44,6648.07,34.33,13.00,0.00
408,56,3370.16,97540.57,44492.09,46308.17,6740.32,36.24,12.00,0.00
409,56,3437.81,95424.74,43460.60,45088.51,6875.62,34.33,17.00,0.00
410,56,3625.75,101515.98,46297.80,47966.68,7251.50,33.12,21.00,0.00
411,56,3880.24,110362.94,50314.17,52288.29,7760.49,30.81,17.00,0.00
412,56,3715.84,106269.43,48527.91,50309.84,7431.68,31.37,21.00,0.00
413,56,3259.36,92660.19,42322.65,43818.82,6518.72,34.33,11.00,0.00
414,56,3513.46,98443.83,44970.49,46446.42,7026.92,32.53,15.99,0.00
415,56,3528.31,99814.39,45449.77,47307.99,7056.62,32.53,14.01,0.00
416,56,3585.91,104471.29,47661.76,49637.71,7171.81,31.94,17.00,0.00
417,56,3425.91,97567.54,44488.88,46226.84,6851.83,36.24,17.00,0.00
418,56,3656.24,103170.73,47026.07,48832.19,7312.48,32.53,17.00,0.00
419,56,3316.87,93577.31,42730.32,44213.26,6633.74,33.12,13.00,0.00
420,56,3644.23,102738.52,46877.98,48572.08,7288.46,32.53,23.00,0.00
421,56,3513.90,100719.14,45892.70,47798.64,7027.80,34.95,10.00,0.00
422,56,3582.97,101609.25,46405.66,48037.64,7165.95,34.33,20.00,0.00
423,56,3442.92,96204.65,43922.93,45395.89,6885.83,33.72,17.00,0.00
424,56,3608.12,101610.51,46372.60,48021.66,7216.25,32.53,12.00,0.00
425,56,3903.83,111535.17,50804.80,52922.71,7807.66,32.53,17.00,0.00
426,56,3512.11,101480.19,46307.46,48149.51,7023.22,34.33,12.00,0.00
427,56,3423.03,97359.79,44410.36,46102.38,6847.06,33.12,17.00,0.00
428,56,3289.84,95965.30,43747.86,45637.77,6579.68,34.95,17.00,0.00
429,56,3697.98,106587.55,48639.80,50552.79,7394.97,32.53,14.00,0.00
430,56,3604.10,100605.87,45826.31,47570.36,7209.21,32.53,15.00,0.00
431,56,3424.91,97724.37,44554.80,46319.75,6849.82,34.33,15.00,0.00
432,56,3772.03,107778.96,49152.44,51082.45,7544.07,31.94,14.00,0.00
433,56,3265.26,94314.38,43053.37,44730.50,6530.51,33.72,12.00,0.00
434,56,3741.92,108055.61,49452.91,51118.87,7483.83,30.26,18.00,0.00
435,56,3579.85,103271.66,47183.01,48928.94,7159.70,34.33,19.00,0.00
436,56,3666.01,103327.20,47169.09,48826.09,7332.01,32.53,22.00,0.00
437,56,3724.13,106057.68,48353.68,50255.74,7448.26,32.53,10.00,0.00
438,56,3827.01,108784.28,49613.13,51517.13,7654.02,31.94,14.00,0.00
439,56,3802.03,106464.86,48659.39,50201.41,7604.06,32.53,23.00,0.00
440,56,3587.98,103737.31,47346.69,49214.67,7175.95,32.53,19.00,0.00
441,56,3645.10,104155.99,47525.36,49340.41,7290.21,33.12,13.00,0.00
442,56,3756.97,108612.21,49612.64,51486.62,7512.95,30.81,21.00,0.00
443,56,3487.95,96558.64,44086.38,45495.36,6976.90,33.12,11.00,0.00
444,56,3527.79,99558.11,45402.32,47100.22,7055.58,32.53,12.00,0.00
445,56,3427.13,97629.83,44463.74,46311.82,6854.27,32.53,13.00,0.00
446,56,3842.97,109990.26,50256.66,52047.65,7685.95,33.12,17.00,0.00
447,56,3297.81,94247.63,42935.55,44716.45,6595.62,33.72,19.00,0.00
448,56,3346.21,94003.83,42818.66,44492.76,6692.42,35.59,15.00,0.00
449,56,3419.06,98441.60,44779.73,46823.76,6838.11,36.24,16.00,0.00
450,56,3376.80,95483.32,43466.41,45263.31,6753.60,34.33,14.00,0.00
451,56,3624.11,103073.22,46987.47,48837.52,7248.23,33.72,11.00,0.00
452,56,3546.02,99471.68,45416.31,46963.32,7092.05,31.94,16.00,0.00
453,56,3579.01,100084.19,45693.08,47233.09,7158.01,32.53,18.00,0.00
454,56,3416.79,97948.98,44721.25,46394.15,6833.58,35.59,14.00,0.00
455,56,3543.31,102018.00,46496.10,48435.27,7086.63,34.33,20.00,0.00
456,56,3302.14,94242.05,43019.85,44617.92,6604.28,34.33,15.00,0.00
457,56,3311.86,93679.93,42748.14,44308.08,6623.71,34.33,15.00,0.00
458,56,3569.91,100960.55,46051.88,47768.84,7139.83,33.72,16.00,0.00
459,56,3540.95,101017.57,46114.35,47821.32,7081.90,32.53,16.00,0.00
460,56,3266.04,93465.23,42762.56,44170.58,6532.09,34.95,10.00,0.00
461,56,3543.04,98977.05,45226.48,46664.50,7086.08,32.53,11.00,0.00
462,56,3612.87,101808.32,46425.32,48157.26,7225.74,33.12,20.00,0.00
463,56,3529.01,97824.20,44582.09,46184.09,7058.01,34.33,18.00,0.00
464,56,3735.05,105517.51,48062.69,49984.72,7470.11,31.94,18.00,0.00
465,56,3633.50,102946.54,46951.64,48727.90,7267.00,32.53,16.99,0.00
466,56,3403.45,97191.31,44279.82,46104.60,6806.89,34.33,14.01,0.00
467,56,3472.92,98230.85,44775.02,46509.98,6945.85,33.12,14.00,0.00
468,56,3528.08,101660.34,46392.07,48213.11,7055.16,34.95,28.00,0.00
469,56,3340.98,94872.29,43265.68,44923.66,6682.95,35.59,22.00,0.00
470,56,3526.99,101844.78,46451.90,48338.89,7053.98,33.12,14.00,0.00
471,56,3348.78,97287.50,44364.03,46226.91,6696.55,34.33,16.00,0.00
472,56,3403.14,97827.13,44658.89,46360.96,6807.29,34.33,13.00,0.00
473,56,3330.98,94524.54,43121.79,44740.78,6661.97,36.24,18.00,0.00
474,56,3763.05,106333.45,48426.66,50381.69,7525.10,31.37,13.00,0.00
475,56,3629.32,104626.29,47696.24,49670.41,7259.64,33.12,11.00,0.00
476,56,3371.29,97007.61,44303.69,45961.34,6742.58,33.12,12.00,0.00
477,56,3631.45,101100.43,45957.65,47879.89,7262.89,34.33,17.00,0.00
478,56,3447.06,99047.71,45253.78,46899.81,6894.12,36.24,17.00,0.00
479,56,3197.13,89261.77,40699.72,42167.78,6394.27,34.95,8.00,0.00
480,56,3432.02,95946.60,43759.27,45323.28,6864.04,34.95,14.00,0.00
481,56,3420.71,95711.87,43686.29,45184.16,6841.42,34.95,11.00,0.00
482,56,3496.03,99138.78,45195.35,46951.37,6992.05,34.33,12.00,0.00
483,56,3757.14,106770.87,48715.77,50540.83,7514.27,30.81,17.00,0.00
484,56,3411.09,98244.48,44827.13,46595.17,6822.17,33.72,6.00,0.00
485,56,3667.89,107547.68,48969.49,51242.42,7335.77,33.72,16.00,0.00
486,56,3427.96,98149.94,44722.51,46571.49,6855.93,36.24,20.00,0.00
487,56,3510.19,100988.35,46051.44,47916.54,7020.37,32.53,14.00,0.00
488,56,3530.84,100858.38,46014.89,47781.81,7061.68,33.12,19.00,0.00
489,56,3614.96,99996.84,45628.47,47138.45,7229.92,32.53,13.00,0.00
490,56,3606.93,102363.08,46793.12,48356.09,7213.86,32.53,16.00,0.00
491,56,3441.25,98712.21,45027.29,46802.42,6882.50,33.12,11.00,0.00
492,56,3431.81,97048.61,44293.54,45893.45,6861.62,34.95,9.00,0.00
493,56,3500.03,98518.96,44965.44,46551.45,7002.07,33.12,9.00,0.00
494,56,3403.15,97356.40,44424.01,46126.08,6806.31,35.59,10.00,0.00
495,56,3315.72,94797.06,43205.38,44960.23,6631.44,35.59,17.00,0.00
496,56,3690.95,104861.49,47787.31,49692.28,7381.89,32.53,23.00,0.00
497,56,3327.28,96710.22,44248.76,45806.89,6654.57,35.59,12.00,0.00
498,56,3500.91,101239.37,46157.80,48079.75,7001.82,34.33,20.00,0.00
499,56,3329.90,93149.26,42450.75,44039.70,6658.80,33.72,15.00,0.00
500,56,3552.20,101220.75,46142.62,47972.72,7105.40,33.12,17.00,0.00
501,56,3800.09,109366.71,49895.24,51871.29,7600.19,31.37,14.00,0.00
502,56,3739.98,103997.47,47410.76,49106.75,7479.96,31.37,13.00,0.00
503,56,3393.03,99519.74,45423.34,47310.35,6786.05,34.33,18.00,0.00
504,56,3597.97,101217.28,46135.67,47885.66,7195.95,34.33,23.00,0.00
505,56,3416.68,99015.79,45110.80,47071.62,6833.36,34.33,14.00,0.00
506,56,3633.26,104066.36,47446.36,49354.49,7265.51,33.12,16.00,0.00
507,56,3246.69,91174.42,41551.09,43129.94,6493.39,37.56,10.00,0.00
508,56,3314.27,92168.62,42048.48,43490.60,6629.55,34.95,15.00,0.00
509,56,3389.12,94621.23,43199.47,44644.52,6777.23,33.72,14.00,0.00
510,56,3477.84,98718.35,45112.87,46648.80,6956.67,34.33,15.00,0.00
511,56,3510.12,98551.42,44907.56,46623.62,7020.24,35.59,11.00,0.00
512,56,3615.98,103840.32,47310.69,49297.68,7231.95,32.53,7.00,0.00
513,56,3411.81,96503.71,44079.58,45600.50,6823.63,34.33,13.00,0.00
514,56,3521.18,100217.12,45711.33,47465.42,7040.36,33.72,14.00,0.00
515,56,3406.90,97226.21,44218.73,46191.68,6815.80,33.12,10.00,0.00
516,56,3507.94,99418.29,45337.22,47065.19,7015.88,33.72,14.00,0.00
517,56,3479.05,99525.52,45400.69,47166.72,6958.11,36.24,11.00,0.00
518,56,3650.21,102328.93,46675.70,48352.80,7300.42,33.12,22.00,0.00
519,56,3296.79,95722.90,43670.22,45458.10,6594.58,35.59,14.00,0.00
520,56,3619.08,103155.14,47050.98,48867.01,7237.15,33.12,17.00,0.00
521,56,3718.02,105825.53,48335.24,50054.25,7436.04,33.12,13.00,0.00
522,56,3633.01,103832.19,47452.09,49114.09,7266.01,33.12,9.00,0.00
523,56,3298.17,91818.12,41827.82,43393.95,6596.34,34.95,8.00,0.00
524,56,3466.89,99813.44,45595.87,47283.79,6933.78,34.33,12.01,0.00
525,56,3441.85,96414.90,43900.13,45631.06,6883.71,33.72,13.00,0.00
526,56,3393.27,96745.67,44154.50,45805.63,6785.54,35.59,16.00,0.00
527,56,3534.99,98522.72,44990.87,46460.87,7070.98,34.95,18.00,0.00
528,56,3608.14,101948.94,46493.80,48238.86,7216.28,33.12,20.00,0.00
529,56,3502.78,98826.89,45098.21,46723.11,7005.57,34.95,20.00,0.00
530,56,3386.89,95288.04,43431.65,45082.60,6773.79,34.33,14.00,0.00
531,56,3506.04,102060.11,46565.51,48482.53,7012.08,33.12,13.00,0.00
532,56,3248.12,94585.59,43102.63,44986.71,6496.25,35.59,9.00,0.00
533,56,3512.85,99351.77,45323.07,47003.00,7025.70,33.12,16.00,0.00
534,56,3644.96,103694.80,47323.45,49081.43,7289.92,34.33,19.00,0.00
535,56,3306.95,94040.46,42964.30,44462.27,6613.89,33.72,13.00,0.00
536,56,3577.05,100876.30,46043.60,47678.62,7154.09,34.95,11.00,0.00
537,56,3591.10,102580.82,46840.29,48558.33,7182.20,33.72,20.00,0.00
538,56,3537.10,99456.91,45431.33,46951.37,7074.21,33.12,11.00,0.00
539,56,3729.73,106601.29,48631.48,50511.35,7458.46,32.53,20.00,0.00
540,56,3391.27,99049.01,45254.66,47010.80,6783.55,34.95,13.00,0.00
541,56,3739.07,106999.06,48779.94,50740.98,7478.14,31.37,20.00,0.00
542,56,3636.93,103464.12,47124.14,49066.11,7273.87,32.53,14.00,0.00
543,56,3610.83,103103.02,47131.72,48749.64,7221.65,33.72,14.00,0.00
544,56,3618.02,102025.46,46446.21,48344.22,7235.03,32.53,11.00,0.00
545,56,3461.08,97949.39,44671.09,46355.13,6923.17,34.33,15.00,0.00
546,56,3334.04,94185.04,42959.47,44557.49,6668.07,33.72,18.00,0.00
547,56,3634.88,100766.62,45972.46,47524.40,7269.76,33.12,13.00,0.00
548,56,3557.00,101471.09,46454.04,47904.04,7113.01,34.95,21.00,0.00
549,56,3226.06,93335.62,42489.74,44392.77,6453.11,34.33,9.00,0.00
550,56,3631.97,104113.19,47482.63,49366.62,7263.94,33.12,17.00,0.00
551,56,3480.84,97906.43,44627.92,46316.84,6961.67,33.72,19.00,0.00
552,56,3637.09,103851.61,47446.19,49131.24,7274.18,33.12,21.00,0.00
553,56,3673.98,104632.56,47772.80,49511.79,7347.97,33.12,20.00,0.00
554,56,3577.08,102617.42,46829.10,48634.15,7154.17,32.53,13.00,0.00
555,56,3607.04,102476.27,46751.58,48510.60,7214.09,33.12,16.00,0.00
556,56,3752.93,107746.90,49220.04,51021.01,7505.85,32.53,12.00,0.00
557,56,3450.08,97883.16,44628.98,46354.02,6900.15,36.89,17.00,0.00
558,56,3447.78,98513.73,45032.14,46586.04,6895.56,33.72,10.00,0.00
559,56,3528.29,103649.66,47224.95,49368.13,7056.59,33.72,16.00,0.00
560,56,3484.76,100162.24,45710.92,47482.80,6968.53,32.53,15.00,0.00
561,56,3593.08,101991.37,46474.08,48330.12,7187.17,33.12,11.00,0.00
562,56,3858.96,108740.94,49570.52,51452.50,7717.92,31.37,13.00,0.00
563,56,3609.01,100586.23,45865.10,47503.11,7218.02,32.53,9.00,0.00
564,56,3649.86,103024.10,46917.22,48807.15,7299.72,33.12,13.00,0.00
565,56,3221.29,90105.10,41049.69,42612.83,6442.58,36.24,15.00,0.00
566,56,3431.92,99117.82,45185.01,47068.96,6863.85,34.33,14.00,0.00
567,56,3523.01,99507.30,45427.14,47035.14,7045.02,33.72,19.00,0.00
568,56,3405.07,95885.90,43782.87,45291.90,6811.14,33.12,13.00,0.00
569,56,3549.95,99593.56,45426.34,47067.32,7099.90,34.33,15.00,0.00
570,56,3185.12,91112.57,41586.63,43155.69,6370.25,34.33,12.00,0.00
571,56,3639.85,102230.81,46568.09,48383.02,7279.70,33.72,17.00,0.00
572,56,3472.85,94588.83,43026.10,44617.03,6945.69,35.59,19.00,0.00
573,56,3385.04,95335.24,43440.57,45124.59,6770.09,34.33,10.00,0.00
574,56,3298.36,93819.90,42756.75,44466.42,6596.73,37.56,17.00,0.00
575,56,3546.67,100953.95,46110.65,47749.96,7093.33,33.12,20.00,0.00
576,56,3670.10,103554.72,47229.24,48985.29,7340.19,31.94,19.00,0.00
577,56,3517.81,99148.66,45185.56,46927.47,7035.62,34.95,20.00,0.00
578,56,3630.12,102028.49,46619.59,48148.65,7260.25,31.94,15.00,0.00
579,56,3722.20,103427.64,47213.58,48769.66,7444.41,33.72,17.00,0.00
580,56,3508.67,100292.62,45778.72,47496.56,7017.34,32.53,16.00,0.00
581,56,3548.32,101246.12,46181.16,47969.32,7095.64,33.12,12.00,0.00
582,56,3330.76,95051.14,43354.87,45033.75,6662.52,34.33,19.00,0.00
583,56,3559.09,101803.55,46487.17,48198.21,7118.18,33.72,15.00,0.00
584,56,3617.77,101673.60,46405.08,48033.98,7234.54,33.72,11.00,0.00
585,56,3477.99,100023.79,45699.90,47366.90,6956.99,32.53,20.00,0.00
586,56,3519.22,100427.32,45781.88,47608.00,7037.44,32.53,18.00,0.00
587,56,3671.89,104174.83,47570.55,49259.50,7344.78,33.12,18.00,0.00
588,56,3613.05,103017.44,46979.66,48811.68,7226.10,31.94,16.00,0.00
589,56,3720.07,105862.86,48155.85,50267.88,7439.13,31.37,13.00,0.00
590,56,3442.09,96053.40,43706.09,45462.13,6885.17,33.12,10.00,0.00
591,56,3467.88,97812.53,44551.42,46326.36,6934.75,34.33,19.00,0.00
592,56,3399.98,96982.31,44126.69,46054.67,6800.95,36.24,12.00,0.00
593,56,3383.88,95928.49,43790.40,45370.34,6767.75,33.72,14.00,0.00
594,56,3524.15,101994.46,46484.03,48462.12,7048.31,33.72,14.00,0.00
595,56,3268.97,90895.23,41507.65,42849.64,6537.94,34.95,14.00,0.00
596,56,3613.92,104512.81,47621.00,49663.96,7227.85,32.53,17.00,0.00
597,56,3529.05,102652.49,46933.68,48660.70,7058.10,33.12,16.00,0.00
598,56,3492.00,101012.87,46063.94,47964.94,6983.99,33.12,18.00,0.00
599,56,3549.03,101041.89,46127.41,47816.42,7098.06,34.95,12.00,0.00
600,56,3221.97,91011.28,41514.67,43052.66,6443.95,36.89,18.00,0.00
601,56,3519.31,98129.70,44686.21,46405.87,7037.62,36.24,18.00,0.00
602,56,3557.72,100640.43,45828.30,47695.68,7116.44,33.12,18.00,0.00
603,56,3588.12,102438.38,46799.55,48462.60,7176.24,32.53,15.00,0.00
604,56,3879.97,109289.17,49775.62,51753.61,7759.94,32.53,11.00,0.00
605,56,3511.09,101024.54,46109.16,47894.21,7021.18,31.37,16.00,0.00
606,56,3324.93,95290.04,43508.11,45131.07,6650.86,36.89,16.00,0.00
607,56,3483.05,97806.49,44637.68,46202.70,6966.11,32.53,15.00,0.00
608,56,3700.83,106021.13,48306.78,50313.69,7400.66,31.37,18.00,0.00
609,56,3469.17,100007.98,45728.28,47340.36,6939.35,34.95,12.00,0.00
610,56,3493.65,99954.92,45540.41,47427.22,6987.30,33.12,16.00,0.00
611,56,3516.51,99098.40,45115.55,46949.82,7033.02,33.72,10.00,0.00
612,56,3465.67,98493.76,44866.79,46695.62,6931.35,34.33,21.00,0.00
613,56,3569.94,101639.20,46357.18,48142.15,7139.87,33.12,17.00,0.00
614,56,3330.20,95930.63,43685.56,45584.68,6660.39,34.33,18.00,0.00
615,56,3299.83,93212.10,42588.76,44023.69,6599.65,34.95,10.00,0.00
616,56,3467.10,97385.77,44421.26,46030.31,6934.20,33.12,12.00,0.00
617,56,3695.92,103992.71,47404.96,49195.92,7391.84,33.12,8.00,0.00
618,56,3778.11,106978.18,48700.45,50721.51,7556.22,32.53,24.00,0.00
619,56,3422.93,96972.98,44198.08,45929.04,6845.86,35.59,12.00,0.00
620,56,3497.91,100176.45,45741.84,47438.79,6995.82,33.12,18.00,0.00
621,56,3695.08,104464.40,47702.10,49372.13,7390.17,32.53,18.00,0.00
622,56,3624.18,101574.96,46360.26,47967.34,7247.35,34.33,19.00,0.00
623,56,3551.02,100548.42,45901.19,47544.20,7103.03,33.12,21.00,0.00
624,56,3554.58,101947.10,46449.58,48388.35,7109.17,33.72,25.00,0.00
625,56,3521.42,102258.18,46702.56,48512.78,7042.84,33.72,15.00,0.00
626,56,3377.10,93843.68,42837.22,44252.26,6754.19,37.56,17.00,0.00
627,56,3564.82,102108.96,46609.70,48369.61,7129.65,31.94,13.00,0.00
628,56,3417.98,97022.31,44191.69,45994.67,6835.95,34.33,10.00,0.00
629,56,3683.78,104195.66,47464.11,49363.99,7367.55,33.72,16.00,0.00
630,56,3253.18,92863.07,42333.31,44023.40,6506.36,33.72,18.00,0.00
631,56,3499.93,98075.90,44764.04,46312.01,6999.85,33.72,19.00,0.00
632,56,3452.01,97929.24,44599.11,46426.11,6904.02,33.72,9.00,0.00
633,56,3321.11,93328.22,42564.47,44121.52,6642.23,32.53,15.00,0.00
634,56,3538.00,99020.92,45217.96,46726.96,7075.99,33.12,12.00,0.00
635,56,3414.64,96516.77,43889.35,45799.15,6828.28,33.72,16.00,0.00
636,56,3632.23,102263.48,46621.95,48376.06,7265.46,33.72,21.00,0.00
637,56,3603.16,102895.56,46885.08,48804.16,7206.32,33.12,18.00,0.00
638,56,3411.90,96949.14,44247.69,45877.65,6823.80,33.72,16.00,0.00
639,56,3292.06,93480.72,42653.78,44242.81,6584.12,36.89,14.00,0.00
640,56,3478.10,98900.78,45258.27,46686.31,6956.20,33.72,15.00,0.00
641,56,3544.75,99310.04,45310.83,46909.71,7089.50,34.33,16.00,0.00
642,56,3333.18,94090.15,42979.35,44444.43,6666.37,32.53,13.00,0.00
643,56,3398.11,96923.13,44133.43,45993.49,6796.22,36.89,9.00,0.00
644,56,3515.85,100233.63,45738.01,47463.93,7031.69,33.72,18.00,0.00
645,56,3653.98,103534.34,47298.70,48927.69,7307.95,32.53,19.00,0.00
646,56,3595.04,102758.02,46874.47,48693.48,7190.07,31.94,14.00,0.00
647,56,3508.01,97073.17,44221.08,45836.08,7016.01,35.59,14.00,0.00
648,56,3376.94,95434.31,43581.23,45099.20,6753.88,34.95,15.00,0.00
649,56,3729.18,108759.35,49513.44,51787.55,7458.37,31.94,17.00,0.00
650,56,3873.71,109404.75,50003.23,51654.10,7747.42,33.12,23.00,0.00
651,56,3314.98,92914.52,42463.78,43820.77,6629.97,34.33,9.00,0.00
652,56,3458.19,97219.26,44340.40,45962.49,6916.37,33.12,15.00,0.00
653,56,3236.87,92568.18,42190.26,43904.19,6473.73,36.89,13.00,0.00
654,56,3544.14,100722.85,45919.76,47714.83,7088.27,33.12,18.00,0.00
655,56,3325.79,94333.15,43139.32,44542.24,6651.59,35.59,20.00,0.00
656,56,3524.51,99169.07,45236.65,46883.42,7049.01,31.94,13.00,0.00
657,56,3438.73,96095.33,43909.29,45308.58,6877.45,33.12,14.00,0.00
658,56,3466.87,96791.44,44178.38,45679.32,6933.75,33.72,17.00,0.00
659,56,3340.96,95078.95,43443.52,44954.51,6680.93,36.89,11.00,0.00
660,56,3791.01,108855.39,49621.18,51651.18,7583.03,32.53,14.00,0.00
661,56,3429.07,97046.89,44249.86,45939.90,6857.13,33.12,12.00,0.00
662,56,3687.99,104925.57,47873.81,49674.80,7376.97,32.53,16.00,0.00
663,56,3622.06,103611.77,47185.80,49181.84,7244.12,30.81,10.00,0.00
664,56,3633.84,103273.33,47136.87,48869.79,7266.67,33.12,15.00,0.00
665,56,3490.19,98844.48,45057.50,46805.59,6981.39,34.33,11.00,0.00
666,56,3378.97,97927.23,44672.65,46496.63,6757.95,33.72,15.00,0.00
667,56,3809.87,109397.14,49907.24,51870.17,7619.73,32.53,27.00,0.00
668,56,3573.11,102421.19,46761.46,48513.51,7146.22,33.72,9.00,0.00
669,56,3141.98,89786.35,40926.70,42575.69,6283.95,33.72,8.00,0.00
670,56,3530.19,97912.34,44627.43,46224.52,7060.38,34.33,8.00,0.00
671,56,3346.78,96288.68,43836.12,45759.00,6693.56,33.72,10.00,0.00
672,56,3456.12,96213.43,43934.57,45366.62,6912.25,33.72,18.00,0.00
673,56,3417.06,98726.73,45144.79,46747.82,6834.12,35.59,14.00,0.00
674,56,3632.72,103383.11,47223.40,48895.27,7264.45,31.94,15.00,0.00
675,56,3665.16,104990.55,47913.08,49747.16,7330.32,32.53,16.00,0.00
676,56,3687.09,104278.65,47619.21,49284.25,7375.19,31.37,21.00,0.00
677,56,3452.76,97657.21,44550.90,46200.79,6905.52,34.33,17.00,0.00
678,56,3318.31,94740.81,43210.02,44894.18,6636.62,35.59,10.00,0.00
679,56,3570.85,101520.37,46308.12,48069.55,7142.70,33.72,10.00,0.00
680,56,3593.91,102160.97,46586.84,48387.30,7186.83,33.72,13.00,0.00
681,56,3117.05,88500.47,40412.67,41853.69,6234.10,34.95,16.00,0.00
682,56,3691.88,106745.39,48808.35,50553.29,7383.75,32.53,17.00,0.00
683,56,3632.07,102681.03,46816.93,48599.96,7264.14,33.12,13.00,0.00
684,56,3315.19,94577.39,43109.46,44837.56,6630.38,33.72,12.00,0.00
685,56,3634.78,105393.75,47971.16,50153.03,7269.57,33.12,23.00,0.00
686,56,3365.96,97005.84,44300.47,45973.45,6731.92,33.72,15.00,0.00
687,56,3286.94,93124.16,42498.16,44052.13,6573.87,35.59,12.00,0.00
688,56,3247.05,91223.46,41544.67,43184.69,6494.10,36.24,11.00,0.00
689,56,3538.07,99985.91,45508.87,47400.91,7076.14,33.72,19.00,0.00
690,56,3471.94,99447.36,45353.25,47150.22,6943.89,33.12,17.00,0.00
691,56,3658.95,105517.57,48196.35,50003.32,7317.90,32.53,11.00,0.00
692,56,3666.06,102565.62,46736.74,48496.76,7332.12,31.37,13.00,0.00
693,56,3468.01,99137.41,45294.19,46907.20,6936.03,33.72,14.00,0.00
694,56,3429.99,96077.81,43825.92,45392.91,6858.99,36.24,12.00,0.00
695,56,3375.12,96789.47,44119.58,45918.64,6751.24,33.72,16.00,0.00
696,56,3564.75,101256.92,46319.76,47807.66,7129.50,33.12,15.00,0.00
697,56,3436.16,97312.58,44388.09,46052.17,6872.32,34.33,16.00,0.00
698,56,3454.05,98189.49,44831.68,46449.70,6908.10,36.24,21.00,0.00
699,56,3366.86,97958.87,44633.12,46592.04,6733.72,34.95,8.00,0.00
700,56,3456.29,97959.19,44684.74,46361.88,6912.58,34.33,11.00,0.00
701,56,3386.77,95479.57,43595.07,45110.96,6773.54,34.33,16.00,0.00
702,56,3454.92,97919.67,44695.94,46313.90,6909.84,34.33,5.00,0.00
703,56,3731.99,107629.77,49143.89,51022.89,7462.98,34.33,14.00,0.00
704,56,3292.03,94296.85,43023.39,44688.40,6585.06,36.24,11.00,0.00
705,56,3549.70,100988.53,46027.14,47861.98,7099.40,33.12,15.00,0.00
706,56,3655.28,101169.80,46163.56,47695.68,7310.56,34.33,11.00,0.00
707,56,3537.03,100232.83,45697.38,47461.39,7074.06,34.95,15.00,0.00
708,56,3397.97,94390.17,43171.62,44422.61,6795.94,33.72,15.00,0.00
709,56,3495.05,99097.47,45245.67,46861.70,6990.10,33.12,16.00,0.00
710,56,3500.25,99562.06,45329.21,47233.35,6999.50,33.72,11.00,0.00
711,56,3648.74,106958.52,48832.58,50827.44,7298.49,33.12,19.00,0.00
712,56,3501.11,97360.20,44371.46,45986.51,7002.23,33.12,12.00,0.00
713,56,3809.00,110255.04,50382.02,52255.02,7618.00,33.12,13.00,0.00
714,56,3183.94,90224.37,41127.26,42729.23,6367.88,35.59,11.00,0.00
715,56,3463.63,99252.51,45203.22,47123.02,6926.27,34.33,18.00,0.00
716,56,3401.58,97797.55,44677.56,46315.84,6804.15,33.72,14.00,0.00
717,56,3354.94,94337.41,43092.27,44536.25,6708.89,34.95,10.00,0.00
718,56,3454.88,97482.67,44495.48,46077.43,6909.76,36.24,18.00,0.00
719,56,3403.95,98186.47,44754.30,46623.28,6808.89,35.59,16.00,0.00
720,56,3503.08,102341.25,46697.03,48639.07,7005.15,34.33,14.00,0.00
721,56,3465.10,99036.75,45092.25,47013.31,6931.19,33.12,14.00,0.00
722,56,3417.09,97182.60,44297.18,46051.23,6834.18,34.33,19.00,0.00
723,56,3461.91,100319.40,45782.81,47612.77,6923.82,34.33,17.00,0.00
724,56,3370.95,98494.40,44943.27,46809.24,6741.89,33.72,17.00,0.00
725,56,3649.92,100945.66,46023.93,47622.90,7298.83,33.12,9.00,0.00
726,56,3329.73,94463.21,43057.45,44745.31,6660.45,35.59,17.00,0.00
727,56,3697.31,106070.02,48304.11,50371.29,7394.63,31.94,12.00,0.00
728,56,3521.09,100995.47,46100.13,47853.17,7042.17,33.72,12.00,0.00
729,56,3424.15,97650.16,44629.90,46172.97,6847.29,35.59,24.00,0.00
730,56,3396.82,96134.97,43964.70,45375.63,6794.64,33.72,13.00,0.00
731,56,3391.92,96274.59,43927.90,45565.86,6780.83,31.94,7.00,0.00
732,56,3489.97,99547.18,45468.62,47095.61,6982.94,34.33,15.00,0.00
733,56,3581.04,102735.08,46837.49,48736.51,7161.08,32.53,28.00,0.00
734,56,3522.95,101188.57,46078.35,48063.32,7046.90,33.72,16.00,0.00
735,56,3378.88,95318.72,43443.51,45117.45,6757.77,35.59,8.00,0.00
736,56,3532.24,100847.91,46132.16,47651.27,7064.48,34.33,22.00,0.00
737,56,3317.99,94074.63,43023.83,44414.82,6635.97,35.59,12.00,0.00
738,56,3312.86,93438.03,42685.19,44127.13,6625.72,34.33,17.00,0.00
739,56,3780.15,108242.22,49351.93,51330.00,7560.30,32.53,25.00,0.00
740,56,3381.74,96577.56,44056.60,45757.47,6763.48,36.24,9.00,0.00
741,56,3529.26,101122.41,46170.38,47894.51,7057.52,34.95,20.00,0.00
742,56,3422.12,99333.37,45323.54,47164.60,6845.23,36.24,11.00,0.00
743,56,3458.91,98799.47,45057.85,46823.80,6917.82,34.33,12.00,0.00
744,56,3636.09,104922.53,47855.15,49795.20,7272.18,33.12,13.00,0.00
745,56,3641.77,102408.49,46647.04,48477.92,7283.54,33.12,17.00,0.00
746,56,3638.12,105016.50,47901.59,49839.66,7275.24,31.94,15.00,0.00
747,56,3596.96,103116.89,47098.49,48823.48,7194.92,32.53,18.00,0.00
748,56,3361.99,95535.62,43398.83,45412.82,6723.97,34.95,8.00,0.00
749,56,3584.72,101659.07,46439.38,48051.25,7168.44,32.53,19.00,0.00
750,56,3484.30,98509.57,44937.91,46602.05,6969.61,34.33,18.00,0.00
751,56,3482.80,99114.25,45213.38,46935.28,6965.60,33.12,13.00,0.00
752,56,3382.14,97441.01,44542.83,46133.90,6764.28,35.59,15.00,0.00
753,56,3234.85,94929.67,43344.02,45115.94,6469.71,34.95,12.00,0.00
754,56,3514.91,99307.59,45309.90,46967.86,7029.83,34.95,16.00,0.00
755,56,3416.27,96406.59,43914.46,45659.60,6832.54,32.53,12.00,0.00
756,56,3308.01,94854.81,43303.89,44934.91,6616.01,34.95,13.99,0.00
757,56,3348.06,97362.90,44491.37,46175.41,6696.12,39.65,18.01,0.00
758,56,3427.87,98329.27,44936.29,46537.23,6855.74,33.12,10.00,0.00
759,56,3501.02,99395.71,45414.32,46979.33,7002.05,33.72,11.00,0.00
760,56,3866.81,111576.56,50847.52,52995.42,7733.62,30.26,22.00,0.00
761,56,3431.14,98696.16,45100.90,46732.97,6862.29,35.59,19.00,0.00
762,56,3601.13,103067.71,47015.69,48849.76,7202.26,33.12,11.00,0.00
763,56,3502.89,98560.03,44921.65,46632.59,7005.79,34.33,17.00,0.00
764,56,3406.15,98743.30,44997.96,46933.04,6812.30,36.24,19.00,0.00
765,56,3587.00,100259.93,45660.97,47424.97,7173.99,34.95,11.00,0.00
766,56,3321.94,93490.29,42632.22,44214.19,6643.88,34.33,12.00,0.00
767,56,3770.06,105756.73,48242.79,49974.82,7539.12,32.53,14.00,0.00
768,56,3288.03,96264.73,43965.33,45722.35,6577.05,34.33,17.00,0.00
769,56,3512.97,99630.28,45446.67,47157.66,7025.95,33.12,16.00,0.00
770,56,3598.90,102759.19,46812.72,48748.67,7197.80,32.53,13.00,0.00
771,56,3516.08,99286.36,45290.08,46964.12,7032.17,33.72,11.00,0.00
772,56,3198.73,89480.34,40840.50,42242.38,6397.45,35.59,17.00,0.00
773,56,3514.35,102435.16,46759.64,48647.83,7027.70,32.53,22.00,0.00
774,56,3400.00,95220.92,43479.96,44939.96,6800.99,36.24,16.00,0.00
775,56,3405.87,96448.28,43855.31,45782.23,6810.74,33.72,15.00,0.00
776,56,3279.03,96736.02,44168.47,46008.49,6559.07,35.59,18.00,0.00
777,56,3283.08,93317.32,42536.06,44215.10,6566.16,38.94,11.00,0.00
778,56,3536.89,100977.78,46097.53,47806.48,7073.77,34.95,20.00,0.00
779,56,3325.10,95958.86,43862.31,45446.36,6650.20,34.33,12.00,0.00
780,56,3488.97,100372.19,45720.63,47674.61,6976.94,34.33,16.00,0.00
781,56,3752.90,108031.20,49415.72,51109.68,7505.81,34.33,21.00,0.00
782,56,3384.09,95515.49,43625.14,45121.18,6769.18,36.24,15.00,0.00
783,56,3565.02,99785.67,45431.30,47224.32,7130.05,33.72,15.00,0.00
784,56,3421.99,96690.64,44107.83,45738.83,6843.97,34.95,13.00,0.00
785,56,3573.13,103450.62,47313.66,48990.72,7146.25,32.53,22.00,0.00
786,56,3660.83,103244.28,47068.85,48853.77,7321.67,33.12,13.00,0.00
787,56,3560.85,100148.89,45684.13,47343.06,7121.71,32.53,18.00,0.00
788,56,3660.20,105412.85,48100.67,49991.77,7320.41,33.12,13.00,0.00
789,56,3500.80,101432.09,46191.31,48239.19,7001.59,32.53,12.00,0.00
790,56,3506.09,98339.57,44831.17,46496.22,7012.18,33.12,15.00,0.00
791,56,3177.08,89729.25,41014.03,42361.06,6354.16,35.59,23.00,0.00
792,56,3488.83,98973.16,45123.79,46871.71,6977.66,33.12,21.00,0.00
793,56,3398.18,96806.03,44290.30,45719.37,6796.35,33.12,17.00,0.00
794,56,3409.03,97158.97,44293.44,46047.46,6818.07,35.59,16.00,0.00
795,56,3569.91,100617.41,45911.82,47565.77,7139.82,33.72,14.00,0.00
796,56,3527.02,102893.54,46946.25,48894.26,7053.04,34.33,14.00,0.00
797,56,3488.16,100821.73,45955.16,47889.25,6977.33,34.33,17.00,0.00
798,56,3645.03,104103.88,47372.40,49441.42,7290.06,31.37,20.00,0.00
799,56,3507.81,100420.58,45885.52,47520.43,7014.62,33.72,19.00,0.00
800,56,3517.93,99280.44,45353.25,46890.34,7036.85,34.33,14.99,0.00
801,56,3383.01,96164.24,43816.08,45582.13,6766.03,34.95,19.01,0.00
802,56,3469.94,97029.24,44393.20,45697.17,6938.87,33.72,15.00,0.00
803,56,3626.94,100318.44,45732.29,47331.26,7254.89,33.12,17.00,0.00
804,56,3455.03,96751.73,44066.33,45775.34,6910.05,33.12,13.00,0.00
805,56,3783.04,108816.27,49527.58,51722.61,7566.09,31.37,12.00,0.00
806,56,3632.00,101173.98,46123.99,47785.99,7264.00,34.33,18.00,0.00
807,56,3647.95,101264.60,46200.36,47768.34,7295.90,32.53,21.00,0.00
808,56,3570.11,101693.16,46296.44,48256.50,7140.22,33.72,19.00,0.00
809,56,3551.96,101037.79,46062.45,47871.43,7103.92,33.72,28.00,0.00
810,56,3576.91,100317.49,45660.86,47502.81,7153.82,34.33,14.00,0.00
811,56,3404.99,98267.84,44995.92,46462.92,6808.99,34.95,16.00,0.00
812,56,3657.16,104444.53,47537.06,49592.15,7315.32,33.12,21.00,0.00
813,56,3601.92,104812.59,47803.90,49805.85,7202.83,31.94,17.00,0.00
814,56,3682.20,103965.71,47385.60,49214.70,7365.40,32.53,14.00,0.00
815,56,3559.80,101764.16,46333.34,48311.23,7119.59,33.72,15.00,0.00
816,56,3448.18,98034.21,44647.37,46490.47,6896.37,33.72,11.00,0.00
817,56,3305.89,96078.80,43817.54,45649.48,6611.78,34.95,11.00,0.00
818,56,3463.03,100625.74,45935.34,47764.35,6926.05,33.72,16.00,0.00
819,56,3124.10,87511.74,39847.25,41416.30,6248.20,36.24,16.00,0.00
820,56,3383.99,96198.79,43954.90,45476.90,6766.99,33.72,15.00,0.00
821,56,3486.80,98185.23,44734.37,46477.27,6973.59,32.53,15.00,0.00
822,56,3585.06,101401.74,46306.80,47923.82,7171.12,33.12,17.00,0.00
823,56,3666.00,103653.94,47264.97,49056.97,7332.00,32.53,10.00,0.00
824,56,3452.91,98086.58,44826.90,46353.86,6905.83,34.33,19.00,0.00
825,56,3381.15,97934.29,44606.95,46566.04,6761.30,34.33,16.00,0.00
826,56,3776.81,108687.56,49561.52,51572.42,7553.62,31.37,21.00,0.00
827,56,3444.05,97253.37,44393.63,45970.65,6889.10,31.94,11.00,0.00
828,56,3687.06,104428.70,47633.78,49420.80,7374.12,31.94,15.00,0.00
829,56,3578.05,99609.36,45508.62,46944.64,7156.10,34.33,21.00,0.00
830,56,3541.96,101760.96,46372.53,48305.51,7082.93,33.72,16.00,0.00
831,56,3745.89,106358.90,48519.58,50346.53,7492.78,32.53,12.00,0.00
832,56,3455.95,98039.56,44712.34,46415.32,6911.90,34.33,9.00,0.00
833,56,3706.06,106200.70,48385.77,50402.80,7412.12,33.12,14.00,0.00
834,56,3463.75,98283.04,44753.83,46601.70,6927.51,33.12,15.00,0.00
835,56,3522.35,99473.00,45321.55,47106.73,7044.71,33.72,18.00,0.00
836,56,3592.71,102654.75,46790.24,48679.09,7185.42,33.72,17.00,0.00
837,56,3350.22,96551.43,44087.93,45763.05,6700.45,34.95,15.00,0.00
838,56,3564.17,101233.91,46189.24,47919.33,7125.35,31.37,19.00,0.00
839,56,3347.04,95576.16,43603.53,45275.55,6697.08,35.59,19.00,0.00
840,56,3501.91,102378.25,46813.74,48561.70,7002.81,33.12,26.00,0.00
841,56,3488.80,100374.29,45866.39,47529.30,6978.60,34.33,10.00,0.00
842,56,3535.26,101241.46,46227.41,47943.53,7070.52,34.33,19.00,0.00
843,56,3416.90,95248.35,43365.79,45048.75,6833.81,33.72,15.00,0.00
844,56,3816.11,107442.02,49001.38,50808.43,7632.21,32.53,17.00,0.00
845,56,3552.89,99635.80,45399.54,47130.48,7105.77,33.12,22.00,0.00
846,56,3613.90,100593.30,45797.77,47567.73,7227.81,31.94,8.00,0.00
847,56,3486.19,100750.41,45956.47,47821.57,6972.37,33.72,14.00,0.00
848,56,3497.87,97925.48,44695.40,46234.34,6995.75,34.33,18.00,0.00
849,56,3307.97,92947.06,42432.57,43898.56,6615.93,35.59,20.00,0.00
850,56,3712.08,104008.24,47423.02,49161.06,7424.16,32.53,14.00,0.00
851,56,3287.01,92533.34,42246.15,43713.16,6574.02,34.95,8.00,0.00
852,56,3659.96,102695.00,46766.54,48608.53,7319.93,31.94,14.00,0.00
853,56,3539.93,100091.91,45661.05,47351.01,7079.85,33.12,12.00,0.00
854,56,3719.95,106806.55,48775.34,50591.31,7439.90,33.12,19.00,0.00
855,56,3581.00,100118.12,45632.05,47324.05,7162.01,33.72,11.00,0.00
856,56,3611.12,103123.32,46925.51,48975.57,7222.23,33.12,16.00,0.00
857,56,3581.05,101811.30,46385.59,48264.62,7161.09,33.72,22.00,0.00
858,56,3381.83,95866.30,43755.85,45345.78,6764.67,37.56,16.00,0.00
859,56,3233.05,91932.53,41995.70,43470.72,6466.11,36.24,17.00,0.00
860,56,3518.06,99952.73,45622.79,47293.82,7036.12,36.24,17.00,0.00
861,56,3676.00,106430.98,48474.99,50603.99,7352.00,31.37,19.00,0.00
862,56,3417.01,97523.32,44548.15,46141.15,6834.02,34.95,18.00,0.00
863,56,3302.96,93215.77,42494.44,44115.42,6605.91,44.17,18.00,0.00
864,56,3483.96,97617.97,44551.53,46099.51,6966.93,33.12,14.00,0.00
865,56,3367.08,96213.24,43926.02,45553.06,6734.16,33.72,20.00,0.00
866,56,3182.01,90542.15,41354.07,42823.07,6365.01,36.89,15.00,0.00
867,56,3685.04,104536.18,47704.54,49462.56,7369.08,33.12,15.00,0.00
868,56,3485.05,99003.43,45263.66,46768.68,6971.10,32.53,10.00,0.00
869,56,3825.77,108099.64,49367.10,51081.00,7651.55,33.12,20.00,0.00
870,56,3617.28,103795.16,47304.72,49256.87,7233.57,32.53,11.00,0.00
871,56,3758.88,105022.55,47860.43,49643.37,7518.75,31.37,13.00,0.00
872,56,3639.99,100981.68,46131.85,47569.85,7279.98,32.53,22.00,0.00
873,56,3846.84,107534.64,49005.01,50835.94,7693.69,30.81,14.00,0.00
874,56,3507.09,101314.54,46172.16,48128.21,7014.18,31.94,17.00,0.00
875,56,3616.94,102286.29,46559.22,48494.19,7232.88,31.37,12.00,0.00
876,56,3437.79,97679.90,44519.22,46284.11,6876.57,34.33,11.00,0.00
877,56,3311.14,94460.13,43047.88,44789.96,6622.29,34.33,6.00,0.00
878,56,3637.05,102131.43,46444.65,48412.68,7274.10,33.12,15.00,0.00
879,56,3277.15,94423.33,43165.98,44705.05,6552.30,37.56,16.00,0.00
880,56,3767.77,106173.40,48421.99,50213.88,7537.53,31.94,19.00,0.00
881,56,3556.05,99372.37,45174.62,47084.65,7113.10,33.72,15.00,0.00
882,56,3303.16,94993.70,43316.14,45072.23,6605.33,33.12,19.00,0.00
883,56,3333.85,95197.69,43449.03,45080.96,6667.70,35.59,18.00,0.00
884,56,3847.07,110216.06,50272.94,52248.98,7694.14,31.94,16.00,0.00
885,56,3042.90,87067.19,39729.72,41251.67,6085.80,36.89,11.00,0.00
886,56,3730.25,106000.21,48287.28,50252.42,7460.51,33.12,9.00,0.00
887,56,3321.82,94390.90,43044.68,44702.59,6643.64,34.95,9.00,0.00
888,56,3330.25,93976.05,42861.22,44456.34,6658.50,34.33,10.00,0.00
889,56,3515.76,98815.28,45038.93,46742.82,7033.52,34.95,10.00,0.00
890,56,3503.07,99817.00,45540.91,47269.95,7006.14,32.53,24.00,0.00
891,56,3300.91,94041.50,42895.86,44543.82,6601.82,34.95,13.00,0.00
892,56,3438.03,96712.80,44119.36,45717.38,6876.06,32.53,15.00,0.00
893,56,3387.07,96465.99,43951.91,45740.94,6773.14,34.33,9.00,0.00
894,56,3458.84,99359.48,45341.94,47098.86,6918.69,35.59,15.00,0.00
895,56,3357.99,94416.58,43068.81,44631.80,6715.97,36.24,14.00,0.00
896,56,3469.98,97968.37,44761.71,46266.70,6939.96,34.33,17.00,0.00
897,56,3568.07,103417.05,47234.94,49045.97,7136.14,32.53,14.00,0.00
898,56,3443.99,98582.61,45003.82,46690.81,6887.97,31.94,10.00,0.00
899,56,3528.04,101971.24,46517.57,48397.59,7056.09,34.33,21.00,0.00
900,56,3585.04,101971.06,46546.48,48254.50,7170.07,33.12,16.00,0.00
901,56,3425.14,98648.92,45074.79,46723.86,6850.27,32.53,7.00,0.00
902,56,3380.89,95366.03,43536.65,45067.60,6761.79,37.56,14.00,0.00
903,56,3406.92,94586.80,43091.00,44681.96,6813.84,33.72,14.00,0.00
904,56,3502.05,99937.51,45697.69,47235.71,7004.11,34.95,21.00,0.00
905,56,3621.10,101802.92,46394.33,48166.38,7242.21,34.33,14.00,0.00
906,56,3449.82,99215.92,45349.68,46966.59,6899.65,34.33,16.00,0.00
907,56,3531.96,100563.79,45887.45,47612.43,7063.92,33.12,13.00,0.00
908,56,3612.13,102900.72,46987.70,48688.76,7224.26,33.12,14.00,0.00
909,56,3787.95,110492.66,50453.39,52463.37,7575.91,31.37,21.00,0.00
910,56,3294.91,95662.32,43653.78,45418.73,6589.82,37.56,14.00,0.00
911,56,3600.05,103257.32,47015.60,49041.63,7200.09,33.72,18.00,0.00
912,56,3406.09,98241.50,44853.14,46577.18,6811.17,35.59,18.00,0.00
913,56,3272.05,94177.40,43121.64,44511.66,6544.10,33.72,18.00,0.00
914,56,3640.89,102177.99,46679.63,48215.58,7282.79,33.12,16.00,0.00
915,56,3515.11,100595.19,45907.45,47657.51,7030.22,35.59,18.00,0.00
916,56,3643.85,104764.60,47748.99,49727.91,7287.69,31.94,14.00,0.00
917,56,3623.94,103372.24,47257.20,48868.17,7246.88,32.53,13.00,0.00
918,56,3686.93,105579.88,48138.03,50067.00,7374.85,31.94,23.00,0.00
919,56,3498.81,101530.52,46298.50,48234.40,6997.62,33.72,13.00,0.00
920,56,3569.52,101428.87,46389.80,47900.02,7139.05,34.33,14.00,0.00
921,56,3317.96,95770.83,43769.47,45365.45,6635.92,35.59,16.00,0.00
922,56,3477.79,97651.24,44590.37,46105.28,6955.59,32.53,15.00,0.00
923,56,3797.06,106725.67,48651.76,50479.79,7594.12,30.81,19.00,0.00
924,56,3315.91,94785.50,43287.86,44865.81,6631.82,34.95,28.00,0.00
925,56,3702.30,103686.43,47234.84,49046.99,7404.60,30.26,19.00,0.00
926,56,3579.50,99956.99,45598.61,47199.38,7159.00,33.12,9.00,0.00
927,56,3812.62,104076.87,47479.70,48971.94,7625.24,31.94,15.00,0.00
928,56,3398.78,94413.90,43154.21,44462.13,6797.56,34.95,14.00,0.00
929,56,3768.99,109175.63,49734.83,51902.83,7537.97,31.94,10.00,0.00
930,56,3433.10,95562.76,43597.26,45099.30,6866.20,31.94,14.00,0.00
931,56,3466.98,99459.56,45387.80,47137.79,6933.97,33.12,18.00,0.00
932,56,3228.04,92436.28,42133.58,43846.61,6456.09,36.24,13.00,0.00
933,56,3647.13,105228.66,48043.67,49890.73,7294.25,31.37,17.00,0.00
934,56,3390.73,96573.24,44002.47,45789.32,6781.46,35.59,12.00,0.00
935,56,3643.11,103495.10,47083.41,49125.47,7286.22,32.53,13.00,0.00
936,56,3683.94,103055.42,46968.28,48719.25,7367.89,32.53,18.00,0.00
937,56,3766.91,107481.55,49010.88,50936.84,7533.83,33.12,17.00,0.00
938,56,3553.01,100437.18,45892.08,47439.08,7106.01,33.12,15.00,0.00
939,56,3255.97,95255.14,43431.61,45311.59,6511.94,34.95,10.00,0.00
940,56,3342.08,95118.36,43448.08,44986.11,6684.17,34.33,9.00,0.00
941,56,3352.00,96252.94,43799.97,45748.97,6704.00,34.33,11.00,0.00
942,56,3633.71,102989.73,47021.22,48701.09,7267.42,33.12,11.00,0.00
943,56,3135.46,87768.77,40040.83,41457.03,6270.91,38.94,12.00,0.00
944,56,3563.82,102109.91,46648.67,48333.59,7127.64,33.12,14.00,0.00
945,56,3478.94,98738.39,45034.27,46746.24,6957.89,33.12,15.00,0.00
946,56,3035.05,86034.28,39264.58,40699.60,6070.09,35.59,12.00,0.00
947,56,3544.04,102206.08,46625.49,48492.51,7088.08,33.12,24.00,0.00
948,56,3208.26,91777.42,41870.38,43490.51,6416.52,34.95,7.00,0.00
949,56,3531.63,101477.50,46421.20,47993.03,7063.27,35.59,17.00,0.00
950,56,3694.80,106122.17,48449.34,50283.24,7389.59,31.94,12.00,0.00
951,56,3274.13,93729.73,42798.70,44382.77,6548.26,38.25,15.00,0.00
952,56,3433.15,95917.32,43744.97,45306.04,6866.31,37.56,13.00,0.00
953,56,3527.72,101967.03,46591.36,48320.23,7055.45,32.53,22.00,0.00
954,56,3437.17,96665.78,44093.18,45698.26,6874.34,33.12,21.00,0.00
955,56,3401.96,96198.99,43934.54,45460.52,6803.93,35.59,23.00,0.00
956,56,3492.02,99846.58,45618.26,47245.27,6983.04,34.33,13.00,0.00
957,56,3514.96,101609.76,46336.44,48241.41,7031.91,33.72,21.00,0.00
958,56,3512.00,100711.90,45910.96,47777.95,7022.99,34.33,18.00,0.00
959,56,3321.98,95674.28,43644.67,45385.66,6643.95,34.95,17.00,0.00
960,56,3791.15,106406.08,48532.86,50290.93,7582.29,32.53,12.00,0.00
961,56,3580.92,103144.84,47064.01,48918.97,7161.85,32.53,16.00,0.00
962,56,3879.23,110039.56,50301.00,51981.10,7757.46,30.81,14.00,0.00
963,56,3486.80,99890.41,45580.45,47335.35,6974.61,33.12,9.00,0.00
964,56,3640.29,103035.27,46929.77,48824.92,7280.58,32.53,16.00,0.00
965,56,3362.75,98273.81,44952.71,46595.59,6725.51,34.33,15.00,0.00
966,56,3294.87,92308.41,42092.37,43626.31,6589.74,36.89,7.00,0.00
967,56,3472.04,99784.16,45503.53,47336.55,6944.08,34.95,11.00,0.00
968,56,3689.02,104313.56,47482.26,49453.27,7378.04,31.94,21.00,0.00
969,56,3414.92,97976.73,44726.96,46419.92,6829.84,34.33,16.00,0.00
970,56,3338.06,93847.70,42780.78,44390.80,6676.12,34.33,14.00,0.00
971,56,3557.06,100275.71,45694.78,47466.81,7114.12,34.33,19.00,0.00
972,56,3652.71,102014.95,46504.33,48205.20,7305.42,33.12,22.00,0.00
973,56,3687.22,103861.22,47364.84,49121.94,7374.44,34.33,8.00,0.00
974,56,3586.09,103358.64,47134.20,49052.25,7172.18,32.53,15.00,0.00
975,56,3488.88,98173.53,44746.42,46449.36,6977.75,32.53,15.00,0.00
976,56,3397.20,96898.63,44247.57,45855.67,6795.40,33.72,17.00,0.00
977,56,3320.80,94604.35,43148.42,44816.32,6639.60,39.65,15.00,0.00
978,56,3601.32,101786.05,46438.13,48144.28,7203.64,32.53,11.00,0.00
979,56,3386.33,96415.01,44014.33,45628.01,6772.67,34.33,9.00,0.00
980,56,3347.57,96032.29,43820.43,45516.72,6695.14,34.95,10.00,0.00
981,56,3745.16,104802.49,47733.05,49579.13,7490.32,32.53,14.00,0.00
982,56,3659.03,104494.72,47719.33,49457.34,7318.05,31.94,12.00,0.00
983,56,3434.95,98379.64,44851.38,46658.36,6869.91,34.33,17.00,0.00
984,56,3264.06,94076.70,42920.77,44627.80,6528.12,36.89,16.00,0.00
985,56,3487.98,99473.43,45349.74,47147.73,6975.96,33.12,13.00,0.00
986,56,3568.03,100288.73,45667.33,47485.34,7136.05,33.72,12.00,0.00
987,56,3601.72,103186.86,47072.29,48911.14,7203.43,32.53,22.00,0.00
988,56,3280.87,94441.14,43139.24,44741.17,6560.73,36.24,14.00,0.00
989,56,3693.19,102991.43,46934.47,48669.57,7387.39,31.94,15.00,0.00
990,56,3948.09,110866.60,50509.18,52461.23,7896.18,30.81,16.00,0.00
991,56,3636.38,103244.98,47162.98,48809.24,7272.76,31.94,9.00,0.00
992,56,3731.74,104432.57,47644.16,49324.94,7463.47,32.53,18.01,0.00
993,56,3233.72,92854.10,42352.40,44034.25,6467.45,34.95,18.00,0.00
994,56,3620.26,101281.14,46148.25,47892.37,7240.51,31.94,21.00,0.00
995,56,3556.98,102901.53,46889.78,48897.77,7113.97,33.72,13.00,0.00
996,56,3375.73,97299.18,44390.43,46157.29,6751.46,33.72,15.00,0.00
997,56,3430.18,96577.04,43972.29,45744.39,6860.36,33.72,9.00,0.00
998,56,3664.84,101030.52,46089.96,47610.89,7329.67,31.94,12.00,0.00
999,56,3547.10,101398.94,46229.34,48075.40,7094.21,33.12,9.00,0.00
1000,56,3559.04,101323.09,46178.50,48026.52,7118.08,33.72,20.00,0.00
1001,56,3522.19,100536.41,45909.47,47582.56,7044.38,34.95,13.00,0.00
1002,56,3712.85,106189.85,48464.11,50300.03,7425.71,31.94,14.00,0.00
1003,56,3393.93,96752.02,44212.10,45752.06,6787.86,34.33,13.00,0.00
1004,56,3681.14,104518.05,47717.85,49438.92,7361.29,33.72,15.00,0.00
1005,56,3206.70,91063.46,41501.11,43147.95,6414.40,35.59,11.00,0.00
1006,56,3549.38,100635.82,45979.94,47558.11,7097.76,33.72,23.00,0.00
1007,56,3548.80,99860.29,45538.40,47223.30,7098.59,34.33,15.00,0.00
1008,56,3557.05,102426.57,46719.72,48592.74,7114.11,33.12,15.00,0.00
1009,56,3235.97,93475.21,42704.64,44298.63,6471.95,33.72,15.00,0.00
1010,56,3569.44,99260.34,45285.85,46835.61,7138.87,31.94,13.00,0.00
1011,56,3348.71,92698.53,42240.90,43760.22,6697.41,32.53,13.00,0.00
1012,56,3491.85,101223.72,46155.05,48084.97,6983.70,33.12,12.00,0.00
1013,56,3683.70,102262.57,46666.15,48229.03,7367.39,34.33,12.00,0.00
1014,56,3424.12,97892.56,44609.62,46434.69,6848.25,34.33,16.00,0.00
1015,56,3500.15,96966.23,44227.93,45738.00,7000.31,34.95,17.00,0.00
1016,56,3300.27,94551.07,43093.46,44857.07,6600.54,33.12,16.00,0.00
1017,56,3834.91,107246.32,48942.56,50633.96,7669.81,30.26,19.00,0.00
1018,56,3676.96,105334.96,48115.53,49865.51,7353.93,32.53,12.00,0.00
1019,56,3522.05,99774.35,45429.61,47300.64,7044.10,31.94,14.00,0.00
1020,56,3343.92,94118.64,42937.92,44492.89,6687.83,34.95,10.00,0.00
1021,56,3525.01,98899.16,45149.08,46700.08,7050.01,32.53,19.00,0.00
1022,56,3648.94,102933.27,46973.21,48663.18,7296.88,31.94,17.00,0.00
1023,56,3683.30,103600.52,47172.88,49060.03,7367.61,31.37,8.00,0.00
1024,56,3360.88,96489.47,44001.39,45766.32,6721.75,32.53,17.00,0.00
1025,56,3412.69,96739.31,44097.04,45816.89,6825.39,33.12,13.00,0.00
1026,56,3719.34,104661.48,47770.33,49452.48,7438.67,33.12,9.00,0.00
1027,56,3310.93,93381.02,42509.10,44251.06,6620.86,34.33,21.00,0.00
1028,56,3688.01,104477.14,47659.07,49441.07,7377.01,31.94,9.00,0.00
1029,56,3295.07,93733.88,42751.86,44391.89,6590.13,35.59,15.00,0.00
1030,56,3490.08,97099.21,44309.01,45810.04,6980.16,31.94,11.00,0.00
1031,56,3669.08,104492.37,47648.08,49506.12,7338.17,32.53,26.00,0.00
1032,56,3542.64,102335.63,46664.27,48586.08,7085.28,34.33,17.00,0.00
1033,56,3339.15,95999.19,43847.91,45472.98,6678.29,36.89,9.00,0.00
1034,56,3607.13,105241.67,48088.68,49938.74,7214.25,33.12,20.00,0.00
1035,56,3325.64,94416.66,43132.27,44633.11,6651.27,34.33,16.00,0.00
1036,56,3572.51,98527.10,44950.43,46431.64,7145.02,34.33,12.00,0.00
1037,56,3507.76,99891.23,45569.91,47305.79,7015.52,33.12,21.00,0.00
1038,56,3819.65,109382.07,49854.48,51888.29,7639.31,32.53,23.00,0.00
1039,56,3622.23,101916.48,46579.96,48092.06,7244.46,31.37,10.00,0.00
1040,56,3724.30,108191.61,49323.93,51419.09,7448.59,31.94,20.00,0.00
1041,56,3607.60,101863.73,46458.86,48190.67,7214.20,33.72,10.00,0.00
1042,56,3245.13,93265.61,42539.64,44234.71,6491.25,33.72,15.00,0.00
1043,56,3464.14,99437.99,45564.83,46944.88,6928.28,34.95,12.00,0.00
1044,56,3638.90,104013.02,47467.64,49269.59,7275.79,31.94,12.00,0.00
1045,56,3425.73,98603.26,44973.47,46777.33,6852.46,34.95,13.00,0.00
1046,56,3583.36,102350.15,46744.64,48437.80,7167.71,33.12,19.00,0.00
1047,56,3463.90,94023.38,42840.80,44254.76,6927.81,34.95,15.00,0.00
1048,56,3548.04,101097.11,46189.51,47811.52,7096.08,32.53,10.00,0.00
1049,56,3675.97,104766.28,47706.67,49707.66,7351.95,32.53,13.00,0.00
1050,56,3330.00,93253.93,42538.97,44054.97,6660.00,38.25,15.00,0.00
1051,56,3435.83,96720.26,44142.84,45705.76,6871.66,34.33,14.00,0.00
1052,56,3333.29,96920.45,44203.85,46050.01,6666.58,33.72,11.00,0.00
1053,56,3552.73,101420.19,46252.44,48062.30,7105.45,33.12,16.00,0.00
1054,56,3281.08,94796.38,43209.08,45025.13,6562.16,38.25,13.00,0.00
1055,56,3619.13,101553.71,46211.69,48103.76,7238.26,36.89,9.00,0.00
1056,56,3233.93,91417.05,41719.11,43230.08,6467.86,38.25,15.00,0.00
1057,56,3351.09,96786.52,44224.15,45860.19,6702.17,33.72,22.00,0.00
1058,56,3546.01,101995.34,46555.16,48348.16,7092.02,33.72,15.00,0.00
1059,56,3491.04,100683.06,46061.48,47638.50,6983.07,33.12,19.00,0.00
1060,56,3711.94,105726.19,48210.18,50093.14,7422.87,32.53,25.00,0.00
1061,56,3302.12,95151.42,43461.56,45085.62,6604.24,34.33,16.00,0.00
1062,56,3670.81,105169.57,47955.52,49874.43,7339.62,32.53,20.00,0.00
1063,56,3441.07,98641.88,45051.86,46705.89,6884.13,33.72,14.00,0.00
1064,56,3446.91,96428.53,44082.87,45451.83,6893.82,34.33,7.00,0.00
1065,56,3574.08,100677.18,45800.99,47729.03,7147.15,34.95,13.00,0.00
1066,56,3578.90,101196.13,46219.69,47817.64,7158.80,31.37,16.00,0.00
1067,56,3568.86,102204.09,46661.22,48405.15,7137.73,32.53,13.00,0.00
1068,56,3762.32,109152.20,49879.20,51748.36,7524.63,32.53,23.00,0.00
1069,56,3607.79,102336.02,46660.27,48460.17,7215.58,31.94,17.00,0.00
1070,56,3553.20,98415.53,44861.52,46447.61,7106.40,32.53,12.00,0.00
1071,56,3587.70,102178.56,46678.14,48325.01,7175.41,33.12,18.00,0.00
1072,56,3668.12,102121.46,46548.58,48236.63,7336.25,32.53,27.00,0.00
1073,56,3454.97,100176.16,45705.62,47560.60,6909.94,34.33,14.00,0.00
1074,56,3599.14,100427.82,45671.74,47557.81,7198.27,32.53,14.00,0.00
1075,56,3761.86,107941.11,49174.23,51243.16,7523.73,31.94,23.00,0.00
1076,56,3643.85,103217.67,47151.02,48778.95,7287.69,31.94,17.00,0.00
1077,56,3488.31,99699.76,45537.00,47186.15,6976.61,34.33,13.00,0.00
1078,56,3445.01,97011.25,44371.11,45750.12,6890.02,34.33,15.00,0.00
1079,56,3876.60,111354.40,50808.71,52792.50,7753.19,30.81,21.00,0.00
1080,56,3669.22,105396.25,48082.85,49974.96,7338.44,31.94,20.00,0.00
1081,56,3594.31,102027.14,46573.15,48265.36,7188.63,33.12,10.99,0.00
1082,56,3610.90,101930.54,46540.45,48168.30,7221.79,32.53,19.01,0.00
1083,56,3560.93,100851.10,46018.13,47711.10,7121.87,33.72,16.00,0.00
1084,56,3478.12,100678.39,46027.55,47694.61,6956.23,33.72,18.00,0.00
1085,56,3328.77,96078.47,43849.02,45571.90,6657.55,33.12,16.00,0.00
1086,56,3639.26,104280.45,47610.40,49391.53,7278.52,31.94,22.00,0.00
1087,56,3558.76,102615.15,46708.88,48788.74,7117.52,32.53,16.00,0.00
1088,56,3634.90,101327.15,46332.70,47724.66,7269.80,32.53,17.00,0.00
1089,56,3542.11,99455.12,45371.42,46997.47,7086.22,34.33,10.00,0.00
1090,56,3457.09,97657.58,44552.18,46195.22,6910.18,34.33,8.00,0.00
1091,56,3412.91,98177.41,44729.82,46619.77,6827.82,34.33,12.00,0.00
1092,56,3394.84,96422.38,44023.89,45608.82,6789.67,34.33,14.00,0.00
1093,56,3445.06,96430.77,43996.81,45543.84,6890.13,35.59,9.00,0.00
1094,56,3369.06,97397.63,44413.74,46245.77,6738.11,32.53,15.00,0.00
1095,56,3375.99,94143.74,42980.88,44411.88,6750.98,34.95,11.00,0.00
1096,56,3528.96,99365.90,45221.50,47085.48,7058.92,32.53,16.00,0.00
1097,56,3318.99,92627.84,42256.93,43732.93,6637.99,37.56,17.00,0.00
1098,56,3719.19,105266.32,48011.43,49816.52,7438.38,30.81,15.00,0.00
1099,56,3353.78,92429.05,42163.28,43558.19,6707.57,34.95,8.00,0.00
1100,56,3526.07,99559.06,45418.94,47089.97,7050.15,31.94,16.00,0.00
1101,56,3472.98,97945.37,44604.96,46392.44,6947.97,33.12,11.00,0.00
1102,56,3709.11,105196.57,47904.38,49873.97,7418.23,33.12,9.00,0.00
1103,56,3671.02,106258.61,48512.28,50404.29,7342.04,32.53,23.00,0.00
1104,56,3502.91,99023.51,45061.87,46955.82,7005.82,32.53,15.00,0.00
1105,56,3315.21,94637.86,43172.67,44834.78,6630.41,36.24,19.00,0.00
1106,56,3699.39,104580.84,47770.16,49411.89,7398.79,32.53,14.00,0.00
1107,56,3414.52,97716.74,44662.74,46224.97,6829.03,34.95,11.00,0.00
1108,56,3654.93,103956.97,47435.07,49212.04,7309.86,34.33,14.00,0.00
1109,56,3396.23,96721.45,44093.94,45835.05,6792.45,32.53,13.00,0.00
1110,56,3349.89,93187.84,42434.56,44053.51,6699.77,34.95,19.00,0.00
1111,56,3493.89,100341.75,45833.52,47520.46,6987.77,33.72,16.00,0.00
1112,56,3674.03,103612.92,47253.42,49011.44,7348.07,33.72,21.00,0.00
1113,56,3678.00,104867.10,47896.05,49615.05,7356.01,33.72,12.00,0.00
1114,56,3442.03,97621.99,44402.45,46336.47,6883.07,33.72,12.00,0.00
1115,56,3320.87,93748.28,42657.31,44449.23,6641.74,33.72,11.00,0.00
1116,56,3652.02,106057.56,48399.26,50353.27,7305.04,32.53,20.00,0.00
1117,56,3545.01,101659.38,46320.17,48250.18,7089.03,31.94,21.00,0.00
1118,56,3350.01,95251.40,43577.18,44973.19,6701.03,35.59,13.00,0.00
1119,56,3315.96,95764.83,43710.47,45422.45,6631.92,33.12,9.00,0.00
1120,56,3535.01,99665.36,45432.16,47163.17,7070.03,34.33,10.00,0.00
1121,56,3645.11,101923.09,46510.41,48122.46,7290.22,33.72,12.00,0.00
1122,56,3786.10,107959.76,49261.26,51126.30,7572.19,31.37,11.00,0.00
1123,56,3627.86,102474.13,46769.24,48450.17,7254.73,32.53,15.00,0.00
1124,56,3331.16,94640.60,43225.10,44752.17,6663.32,35.59,19.00,0.00
1125,56,3392.86,98516.95,45009.15,46722.08,6785.72,34.33,11.00,0.00
1126,56,3271.84,93907.44,42709.93,44654.83,6542.68,33.12,10.00,0.00
1127,56,3335.19,95160.56,43390.54,45098.63,6671.39,33.12,15.00,0.00
1128,56,3576.85,100272.89,45705.13,47414.06,7153.71,35.59,26.00,0.00
1129,56,3620.15,102645.17,46743.90,48660.98,7240.29,33.12,17.00,0.00
1130,56,3456.20,97929.81,44626.65,46390.75,6912.41,33.12,12.00,0.00
1131,56,3810.00,109514.89,49968.95,51925.95,7619.99,33.72,18.00,0.00
1132,56,3456.66,98110.46,44613.66,46584.47,6912.33,32.53,14.00,0.00
1133,56,3444.04,98072.24,44813.57,46369.59,6889.09,34.95,20.00,0.00
1134,56,3510.87,99526.25,45449.29,47056.23,7020.74,32.53,19.00,0.00
1135,56,3551.03,102466.87,46829.40,48535.41,7102.06,31.37,17.00,0.00
1136,56,3451.93,97371.00,44433.09,46033.05,6904.86,34.95,11.00,0.00
1137,56,3325.99,94822.65,43315.84,44854.83,6651.98,35.59,16.00,0.00
1138,56,3564.10,102441.74,46689.25,48624.30,7128.19,33.12,17.00,0.00
1139,56,3377.09,95567.44,43583.11,45231.15,6753.17,33.72,18.00,0.00
1140,56,3630.96,104138.74,47463.43,49412.40,7262.91,33.72,18.00,0.00
1141,56,3410.25,98658.31,45049.34,46788.47,6820.51,34.33,10.00,0.00
1142,56,3696.89,104707.99,47741.63,49572.58,7393.79,32.53,14.00,0.00
1143,56,3194.87,91129.25,41625.29,43114.22,6389.74,34.95,16.00,0.00
1144,56,3302.29,94579.35,43067.80,44906.96,6604.58,34.95,17.00,0.00
1145,56,3515.97,99024.04,45154.56,46837.55,7031.93,31.94,19.00,0.00
1146,56,3724.73,104209.54,47490.60,49269.47,7449.47,32.53,11.00,0.00
1147,56,3589.02,101353.55,46168.25,48007.26,7178.04,32.53,17.00,0.00
1148,56,3640.04,102369.03,46727.47,48361.49,7280.07,33.72,16.00,0.00
1149,56,3758.98,105992.40,48232.73,50241.72,7517.96,33.72,19.00,0.00
1150,56,3561.07,102004.97,46495.90,48386.93,7122.14,33.12,23.00,0.00
1151,56,3313.14,93762.97,42784.81,44351.88,6626.28,36.24,16.00,0.00
1152,56,3422.75,97104.02,44331.81,45926.70,6845.51,34.33,12.00,0.00
1153,56,3435.01,98179.22,44780.10,46529.10,6870.02,32.53,20.00,0.00
1154,56,3496.23,98290.40,44888.92,46409.02,6992.46,35.59,16.00,0.00
1155,56,3542.88,101253.52,46290.41,47877.35,7085.76,33.72,21.00,0.00
1156,56,3395.99,97466.60,44516.82,46157.81,6791.97,34.33,14.00,0.00
1157,56,3547.80,102239.34,46604.42,48539.31,7095.61,31.94,12.00,0.00
1158,56,3546.10,102044.80,46532.28,48420.33,7092.19,34.33,18.00,0.00
1159,56,3420.62,98425.10,44915.03,46668.83,6841.24,33.12,10.00,0.00
1160,56,3470.40,99022.43,45107.20,46974.42,6940.80,33.12,14.00,0.00
1161,56,3511.86,99486.94,45303.15,47160.07,7023.71,32.53,15.00,0.00
1162,56,3287.10,94049.81,42978.29,44497.33,6574.20,34.33,11.00,0.00
1163,56,3510.94,98294.29,44832.22,46440.19,7021.88,33.12,13.00,0.00
1164,56,3417.92,98483.57,45087.89,46560.85,6834.83,33.72,21.00,0.00
1165,56,3260.23,92222.37,42154.91,43546.01,6521.45,36.24,10.00,0.00
1166,56,3535.05,101420.58,46257.72,48092.75,7070.11,34.33,18.00,0.00
1167,56,3589.90,100154.26,45708.75,47265.71,7179.80,34.95,14.00,0.00
1168,56,3284.01,94899.36,43211.17,45120.17,6568.03,35.59,12.00,0.00
1169,56,3435.89,99854.73,45491.51,47491.45,6871.78,33.72,11.00,0.00
1170,56,3296.08,94597.37,43134.08,44871.13,6592.17,34.33,19.00,0.00
1171,56,3563.22,101299.12,46216.79,47955.90,7126.43,34.95,16.00,0.00
1172,56,3324.00,93910.88,42861.94,44400.94,6647.99,33.12,16.00,0.00
1173,56,3387.74,96919.67,44183.66,45960.52,6775.49,33.12,15.00,0.00
1174,56,3559.98,101018.52,46063.78,47834.77,7119.97,33.72,11.00,0.00
1175,56,3524.29,97981.05,44626.66,46305.80,7048.58,33.72,18.00,0.00
1176,56,3364.90,98357.20,44839.72,46787.67,6729.81,34.33,10.00,0.00
1177,56,3727.56,106272.34,48517.22,50300.01,7455.11,33.72,13.00,0.00
1178,56,3421.23,96437.34,44003.90,45591.00,6842.45,33.72,12.00,0.00
1179,56,3568.14,99767.89,45449.77,47181.84,7136.28,32.53,17.00,0.00
1180,56,3307.94,92863.19,42389.17,43858.15,6615.87,37.56,15.00,0.00
1181,56,3464.84,97459.39,44482.90,46046.82,6929.67,38.25,15.00,0.00
1182,56,3178.11,88223.92,40234.33,41633.38,6356.21,35.59,11.00,0.00
1183,56,3637.94,101818.28,46444.22,48098.19,7275.88,34.95,12.00,0.00
1184,56,3540.08,101417.24,46261.02,48076.06,7080.16,31.94,16.00,0.00
1185,56,3511.96,100586.86,45828.48,47734.46,7023.92,33.72,11.00,0.00
1186,56,3531.09,101307.44,46210.11,48035.16,7062.17,32.53,14.00,0.00
1187,56,3459.17,99000.82,45128.20,46954.29,6918.34,34.33,12.00,0.00
1188,56,3412.80,96262.27,43848.39,45588.29,6825.59,33.12,10.00,0.00
1189,56,3444.13,95241.67,43505.68,44848.73,6887.27,36.24,20.00,0.00
1190,56,3854.84,108277.39,49432.90,51133.82,7710.67,33.12,24.00,0.00
1191,56,3537.09,98140.43,44723.11,46343.15,7074.17,34.33,20.00,0.00
1192,56,3481.08,96780.23,44071.02,45747.05,6962.16,34.33,20.00,0.00
1193,56,3628.38,103186.25,46983.92,48945.58,7256.75,33.12,16.00,0.00
1194,56,3469.52,100136.13,45739.91,47457.17,6939.05,35.59,15.00,0.00
1195,56,3247.04,91223.06,41625.48,43103.50,6494.08,33.12,8.00,0.00
1196,56,3641.04,103294.65,47142.52,48870.06,7282.07,31.94,11.00,0.00
1197,56,3645.91,103004.72,47070.75,48642.15,7291.82,35.59,13.00,0.00
1198,56,3441.92,96312.64,44013.92,45415.89,6882.83,34.95,13.00,0.00
1199,56,3275.05,94929.41,43331.64,45047.67,6550.10,34.95,13.00,0.00
1200,56,3618.93,104203.99,47551.08,49414.04,7238.86,32.53,11.00,0.00
1201,56,3581.88,102052.61,46614.45,48274.39,7163.76,33.12,26.00,0.00
1202,56,3667.18,104820.22,47793.38,49692.47,7334.37,31.94,16.00,0.00
1203,56,3288.92,95479.73,43522.97,45379.92,6576.84,33.72,9.00,0.00
1204,56,3519.91,98828.33,45117.78,46669.74,7040.81,33.12,14.00,0.00
1205,56,3584.16,101610.45,46385.03,48057.11,7168.31,33.72,16.00,0.00
1206,56,3164.02,91192.64,41631.29,43233.30,6328.04,38.25,9.00,0.00
1207,56,3448.14,96883.80,44203.73,45783.79,6896.27,35.59,17.00,0.00
1208,56,3243.79,92007.14,41929.33,43590.22,6487.59,36.24,14.00,0.00
1209,56,3438.03,96963.88,44228.40,45859.41,6876.06,36.24,10.00,0.00
1210,56,3704.15,103220.12,47069.88,48741.95,7408.30,35.59,10.00,0.00
1211,56,3157.09,90538.67,41284.22,42940.27,6314.19,35.59,21.00,0.00
1212,56,3360.82,95160.94,43350.69,45088.60,6721.64,34.95,14.00,0.00
1213,56,3524.19,99524.45,45387.49,47088.58,7048.39,32.53,11.00,0.00
1214,56,3422.01,96248.28,43885.13,45519.13,6844.02,36.24,15.00,0.00
1215,56,3516.88,101507.50,46403.40,48070.34,7033.76,33.12,15.00,0.00
1216,56,3652.08,105088.24,47929.02,49855.06,7304.16,32.53,17.00,0.00
1217,56,3446.87,97766.34,44606.33,46266.27,6893.74,34.95,14.00,0.00
1218,56,3686.00,104650.04,47763.02,49515.02,7372.00,31.94,19.00,0.00
1219,56,3647.08,103667.28,47324.04,49049.08,7294.16,33.12,20.00,0.00
1220,56,3754.85,106353.79,48437.08,50408.00,7508.70,32.53,15.00,0.00
1221,56,3288.02,94206.58,43063.27,44566.27,6577.04,34.95,17.00,0.00
1222,56,3671.14,106027.91,48418.79,50266.85,7342.27,32.53,14.00,0.00
1223,56,3634.83,103651.06,47313.75,49068.66,7268.65,33.12,20.00,0.00
1224,56,3518.95,102084.52,46517.32,48528.30,7038.90,33.72,10.00,0.00
1225,56,3184.09,89007.55,40588.16,42051.20,6368.18,35.59,6.00,0.00
1226,56,3696.89,104846.01,47706.64,49745.58,7393.79,34.95,23.00,0.00
1227,56,3368.07,93648.00,42770.92,44142.94,6734.14,33.72,17.00,0.00
1228,56,3465.87,97752.35,44647.33,46171.28,6933.74,33.12,14.00,0.00
1229,56,3761.37,107240.68,48821.86,50896.07,7522.75,31.94,17.00,0.00
1230,56,3447.74,97222.56,44417.60,45909.49,6895.47,33.72,16.00,0.00
1231,56,3539.35,100151.00,45713.56,47358.73,7078.71,33.12,16.00,0.00
1232,56,3399.97,96060.15,43807.61,45452.60,6799.94,34.95,16.00,0.00
1233,56,3374.67,95984.73,43789.77,45445.61,6749.35,33.72,6.00,0.00
1234,56,3656.28,102334.87,46674.59,48348.72,7311.56,32.53,20.00,0.00
1235,56,3401.06,98505.68,44882.76,46819.80,6803.12,35.59,14.00,0.00
1236,56,3702.77,104886.61,47781.09,49699.97,7405.55,32.53,24.00,0.00
1237,56,3430.03,99803.81,45547.37,47396.38,6860.06,33.72,14.00,0.00
1238,56,3534.99,100098.82,45666.92,47363.91,7067.99,33.12,14.00,0.00
1239,56,3599.06,102926.67,46851.76,48874.79,7200.12,34.33,20.00,0.00
1240,56,3650.93,103253.97,47121.07,48831.04,7301.86,33.12,14.00,0.00
1241,56,3160.94,90192.24,41170.20,42700.17,6321.88,36.89,11.00,0.00
1242,56,3520.28,99992.94,45531.62,47420.77,7040.56,34.95,11.00,0.00
1243,56,3703.82,107999.73,49355.59,51236.50,7407.64,33.12,25.00,0.00
1244,56,3565.82,100787.87,46035.66,47620.58,7131.64,32.53,16.00,0.00
1245,56,3465.07,100926.05,46037.94,47957.98,6930.14,33.72,10.00,0.00
1246,56,3640.17,104433.91,47642.24,49511.33,7280.34,32.53,22.00,0.00
1247,56,3631.97,104163.15,47643.61,49255.60,7263.94,31.37,20.00,0.00
1248,56,3575.54,100518.92,46011.19,47356.64,7151.08,34.33,12.00,0.00
1249,56,3506.37,99317.74,45203.63,47102.37,7011.73,33.72,14.01,0.00
1250,56,3371.98,95194.30,43353.68,45095.67,6744.95,34.33,19.00,0.00
1251,56,3456.00,97782.86,44491.94,46378.94,6911.99,33.12,8.00,0.00
1252,56,3511.00,98888.98,45056.99,46809.99,7022.00,33.12,12.00,0.00
1253,56,3591.00,102355.13,46726.06,48447.06,7182.01,31.94,15.00,0.00
1254,56,3558.17,102316.02,46688.06,48511.63,7116.33,33.12,16.00,0.00
1255,56,3209.66,90869.66,41509.52,42940.82,6419.32,37.56,16.00,0.00
1256,56,3409.14,98802.96,45084.80,46899.88,6818.27,33.72,18.00,0.00
1257,56,3569.83,101812.27,46486.84,48185.76,7139.67,31.94,17.00,0.00
1258,56,3806.06,108338.58,49378.72,51347.75,7612.11,31.94,23.00,0.00
1259,56,3390.11,96257.06,43934.40,45542.45,6780.22,34.95,15.00,0.00
1260,56,3726.77,106710.28,48643.93,50612.81,7453.53,33.12,20.00,0.00
1261,56,3481.37,99204.50,45269.79,46971.97,6962.74,33.72,19.00,0.00
1262,56,3472.83,100518.97,45769.71,47804.61,6944.65,33.72,14.00,0.00
1263,56,3497.02,101012.66,46067.30,47950.31,6995.05,34.95,6.00,0.00
1264,56,3512.96,99515.86,45430.48,47059.46,7025.92,33.12,22.00,0.00
1265,56,3534.29,102102.36,46524.81,48509.97,7067.58,32.53,20.00,0.00
1266,56,3650.63,100142.75,45604.33,47236.17,7302.25,33.72,10.00,0.00
1267,56,3674.16,105394.47,48051.04,49995.12,7348.31,32.53,18.00,0.00
1268,56,3855.84,109573.51,50029.95,51831.87,7711.68,31.94,16.00,0.00
1269,56,3635.96,103911.73,47439.42,49201.40,7270.91,33.12,20.00,0.00
1270,56,3577.09,101054.47,46076.13,47823.17,7155.17,33.72,12.00,0.00
1271,56,3354.93,95078.12,43366.14,45002.11,6709.87,34.95,10.00,0.00
1272,56,3495.12,98695.45,45018.57,46686.63,6990.24,34.33,15.00,0.00
1273,56,3424.95,95882.66,43711.39,45321.37,6849.90,33.72,15.00,0.00
1274,56,3621.07,104592.00,47731.91,49618.95,7241.14,33.12,21.00,0.00
1275,56,3355.92,95444.77,43467.98,45263.94,6712.84,33.72,11.00,0.00
1276,56,3523.99,101461.59,46348.81,48064.81,7047.97,34.95,18.00,0.00
1277,56,3459.13,98563.73,44878.70,46766.77,6918.26,34.33,20.00,0.00
1278,56,3897.09,112361.51,51243.15,53324.19,7794.17,31.94,19.00,0.00
1279,56,3461.75,97767.85,44595.74,46248.62,6923.49,33.72,8.00,0.00
1280,56,3611.13,102868.75,46934.71,48711.77,7222.26,33.72,20.00,0.00
1281,56,3584.92,99632.85,45342.02,47120.98,7169.85,36.24,16.00,0.00
1282,56,3386.03,94174.77,42900.35,44502.36,6772.06,35.59,20.00,0.00
1283,56,3648.04,101150.00,46053.46,47800.47,7296.07,31.94,10.00,0.00
1284,56,3239.08,90098.23,41225.02,42396.05,6477.16,34.95,10.00,0.00
1285,56,3406.78,97652.75,44608.14,46234.04,6810.56,33.72,11.00,0.00
1286,56,3240.18,92414.21,42161.38,43768.47,6484.37,35.59,19.00,0.00
1287,56,3257.91,90838.46,41391.84,42930.80,6515.82,36.89,10.00,0.00
1288,56,3364.60,98829.23,45095.63,47005.40,6728.20,34.33,14.00,0.00
1289,56,3558.45,99638.55,45417.72,47102.93,7117.90,33.72,12.00,0.00
1290,56,3273.97,92762.07,42324.57,43890.56,6546.93,38.25,18.00,0.00
1291,56,3495.92,100217.78,45713.99,47510.95,6992.85,33.72,13.00,0.00
1292,56,3333.22,94432.36,43087.90,44678.01,6666.45,38.25,13.00,0.00
1293,56,3710.86,106589.99,48630.17,50539.10,7420.72,32.53,14.00,0.00
1294,56,3610.00,100847.88,45951.95,47674.94,7220.99,33.72,22.00,0.00
1295,56,3327.22,94213.15,42931.80,44627.91,6653.43,34.95,18.00,0.00
1296,56,3511.64,99775.70,45543.30,47208.13,7024.27,34.95,22.00,0.00
1297,56,3559.41,103082.99,47136.48,48827.68,7118.83,34.33,9.00,0.00
1298,56,3582.77,101355.43,46178.00,48011.89,7165.54,32.53,7.00,0.00
1299,56,3483.30,99134.41,45254.84,46912.98,6966.59,35.59,15.00,0.00
1300,56,3301.73,93520.39,42662.53,44254.40,6603.46,34.33,24.00,0.00
1301,56,3663.02,101772.67,46472.31,47974.32,7326.05,32.53,21.00,0.00
1302,56,3574.97,102570.19,46791.63,48628.62,7149.94,34.95,16.00,0.00
1303,56,3711.98,103974.31,47333.68,49216.67,7423.95,33.12,14.00,0.00
1304,56,3715.02,106305.44,48515.20,50360.21,7430.03,32.53,15.00,0.00
1305,56,3504.09,99210.47,45279.13,46923.17,7008.17,31.94,18.00,0.00
1306,56,3487.95,99866.60,45550.36,47340.33,6975.90,33.12,16.00,0.00
1307,56,3374.89,95245.04,43492.65,45002.60,6749.79,36.89,14.00,0.00
1308,56,3686.98,105052.44,47855.74,49822.73,7373.96,33.12,15.00,0.00
1309,56,3477.99,98539.71,44945.87,46637.86,6955.98,33.72,14.00,0.00
1310,56,3497.15,100591.35,45804.98,47792.07,6994.30,34.95,14.00,0.00
1311,56,3378.80,95049.40,43285.45,45006.35,6757.60,34.95,15.00,0.00
1312,56,3447.18,96919.94,44226.25,45799.33,6894.35,36.89,17.00,0.00
1313,56,3451.02,97663.58,44559.26,46202.27,6902.04,35.59,23.00,0.00
1314,56,3668.07,104450.04,47662.93,49450.97,7336.14,32.53,10.00,0.00
1315,56,3630.72,103853.06,47407.37,49184.24,7261.44,33.12,12.00,0.00
1316,56,3561.09,101017.69,45989.22,47906.28,7122.19,33.12,14.00,0.00
1317,56,3585.96,100307.80,45737.45,47399.43,7170.91,33.72,20.00,0.00
1318,56,3466.95,100857.65,46025.38,47897.36,6934.91,33.12,11.00,0.00
1319,56,3277.00,92661.94,42229.97,43877.97,6554.00,35.59,11.00,0.00
1320,56,3575.25,99580.00,45409.19,47020.30,7150.50,31.94,17.00,0.00
1321,56,3603.85,103501.56,47145.98,49147.89,7207.69,32.53,8.00,0.00
1322,56,3531.11,101535.26,46312.49,48160.55,7062.23,34.33,11.00,0.00
1323,56,3469.93,98160.98,44780.08,46442.04,6938.86,34.95,9.00,0.00
1324,56,3469.95,98375.58,44870.35,46564.33,6940.90,34.33,18.00,0.00
1325,56,3383.89,96054.99,43837.63,45449.58,6767.79,34.33,14.00,0.00
1326,56,3464.99,96596.63,43944.83,45721.82,6929.97,33.72,9.00,0.00
1327,56,3529.74,99362.54,45305.60,46997.47,7059.47,32.53,16.00,0.00
1328,56,3476.41,98622.73,45031.35,46638.55,6952.83,35.59,20.00,0.00
