sysbench 1.0.20 (using bundled LuaJIT 2.1.0-beta2)

Running the test with following options:
Number of threads: 56
Report intermediate results every 1 second(s)
Initializing random number generator from current time


Initializing worker threads...

Threads started!

1,56,2105.08,60364.59,27474.70,28456.47,4433.43,97.55,8.97,0.00
2,56,2639.89,73604.72,33458.97,34865.98,5279.78,90.78,13.01,0.00
3,56,3956.84,112955.98,51624.01,53418.30,7913.67,59.99,20.01,0.00
4,56,4883.91,136371.53,62164.87,64438.83,9767.82,51.02,23.00,0.00
5,56,5458.96,154202.79,70308.45,72976.43,10917.91,44.98,12.00,0.00
6,56,5850.74,165168.68,75344.66,78123.54,11700.48,41.85,38.00,0.00
7,56,6747.20,194656.82,88857.66,92304.76,13494.40,18.61,23.00,0.00
8,56,7206.07,204347.91,93222.87,96712.91,14412.14,15.83,28.00,0.00
9,56,7758.39,221663.21,101114.11,105031.31,15517.78,15.00,30.00,0.00
10,56,8102.89,232078.79,105830.54,110042.48,16205.78,15.00,33.00,0.00
11,56,8703.47,246461.07,112430.19,116623.94,17406.95,14.46,31.00,0.00
12,56,9084.48,261688.89,119615.35,123904.58,18168.96,14.21,48.00,0.00
13,56,9483.66,272524.63,124405.48,129151.82,18967.33,13.95,47.99,0.00
14,56,9622.66,276256.85,126017.60,130994.94,19244.31,14.21,42.00,0.00
15,56,9981.63,279508.67,127533.06,132011.35,19964.26,13.95,45.00,0.00
16,56,8394.79,240207.13,109710.32,113707.22,16789.59,16.41,29.00,0.00
17,56,7713.79,219659.91,100266.22,103966.12,15427.57,17.95,38.00,0.00
18,56,7633.76,214247.37,97823.97,101155.87,15267.53,18.61,37.00,0.00
19,56,7728.62,222437.94,101556.19,105424.50,15457.25,17.63,44.00,0.00
20,56,7985.07,230711.91,105307.87,109433.90,15970.13,17.01,40.00,0.00
21,56,7978.44,228878.06,104519.72,108401.45,15956.89,17.01,31.00,0.00
22,56,8102.37,229145.45,104476.76,108463.95,16204.74,17.01,37.00,0.00
23,56,8040.62,229537.03,104749.99,108705.80,16081.23,17.01,31.00,0.00
24,56,8551.58,242777.50,110768.53,114907.81,17101.16,16.41,41.00,0.00
25,56,8347.22,236450.49,107839.96,111914.09,16696.43,16.41,33.99,0.00
26,56,8274.85,236764.97,108070.18,112145.09,16549.70,16.41,32.01,0.00
27,56,8398.19,239442.40,109270.47,113376.56,16795.38,16.41,44.00,0.00
28,56,8033.66,228154.20,104234.52,107851.37,16068.31,17.32,27.00,0.00
29,56,8292.85,237965.84,108588.10,112792.03,16585.71,16.71,37.00,0.00
30,56,8317.24,238181.93,108619.16,112929.28,16633.48,16.71,40.00,0.00
31,56,8189.06,232972.62,106159.74,110433.77,16379.11,16.71,30.00,0.00
32,56,8124.65,231856.98,105689.43,109918.25,16249.30,17.01,31.00,0.00
33,56,8124.84,229078.39,104583.90,108244.82,16249.67,17.32,41.00,0.00
34,56,8272.65,235743.49,107623.44,111574.75,16545.30,16.71,48.00,0.00
35,56,8293.43,235288.89,107313.65,111388.37,16586.86,16.71,27.00,0.00
36,56,8114.18,229633.23,104767.39,108637.48,16228.37,17.32,40.00,0.00
37,56,8479.90,242189.04,110440.65,114788.60,16959.79,16.71,34.00,0.00
38,56,8409.77,239307.49,109059.03,113428.91,16819.54,16.71,39.00,0.00
39,56,8885.58,247268.19,112652.38,116845.65,17770.16,16.41,25.00,0.00
40,56,8238.28,234315.88,106877.60,110960.73,16477.55,16.71,36.00,0.00
41,56,7903.08,225018.85,102790.05,106422.63,15806.16,17.63,37.00,0.00
42,56,7558.34,217085.79,99014.47,102954.64,15116.68,17.95,37.00,0.00
43,56,7576.55,216348.07,98727.10,102468.88,15152.09,18.28,37.00,0.00
44,56,7508.32,212414.10,97016.15,100380.30,15017.64,17.95,27.00,0.00
45,56,7332.71,209430.59,95508.17,99257.02,14665.41,18.28,35.00,0.00
46,56,7551.36,212626.14,96948.62,100575.79,15101.72,17.95,24.00,0.00
47,56,7354.05,207863.51,94868.69,98285.71,14709.11,18.28,34.00,0.00
48,56,7275.02,205678.61,93652.28,97476.29,14550.04,18.28,39.00,0.00
49,56,7162.13,200379.53,91373.61,94681.67,14324.25,18.61,25.00,0.00
50,56,7330.67,207712.63,94636.73,98414.56,14661.34,18.61,27.00,0.00
51,56,7484.25,213841.22,97591.29,101281.42,14968.51,18.28,31.00,0.00
52,56,6693.82,188278.93,85935.69,88955.61,13387.64,19.29,35.00,0.00
53,56,7108.22,201156.25,91611.85,95327.96,14216.44,18.61,34.00,0.00
54,56,7109.52,205526.21,93766.71,97540.45,14219.05,18.61,38.00,0.00
55,56,7085.30,204040.75,93079.99,96790.15,14170.61,18.61,25.00,0.00
56,56,7122.66,203143.39,92675.62,96222.45,14245.33,18.95,37.00,0.00
57,56,6792.44,192679.53,87822.71,91271.94,13584.88,19.29,29.00,0.00
58,56,6930.89,199804.75,91102.52,94840.46,13861.77,18.95,28.00,0.00
59,56,6686.87,191216.28,87278.30,90565.24,13372.74,19.29,25.00,0.00
60,56,6953.08,198489.35,90558.07,94024.11,13907.16,18.95,30.00,0.00
61,56,6607.06,188090.74,85733.79,89143.82,13213.12,19.65,25.00,0.00
62,56,6898.53,193203.98,88135.83,91270.08,13798.07,19.29,34.00,0.00
63,56,6715.95,190491.47,86873.30,90186.28,13431.89,19.65,30.00,0.00
64,56,6563.83,185007.08,84349.76,87530.67,13126.65,19.65,26.00,0.00
65,56,6621.89,187411.02,85491.64,88674.59,13244.79,19.65,31.00,0.00
66,56,6315.80,176201.37,80408.43,83161.34,12631.60,20.37,25.00,0.00
67,56,6223.06,176377.75,80562.80,83368.83,12446.12,20.00,23.00,0.00
68,56,6474.67,181308.90,82803.84,85555.70,12949.35,20.00,27.00,0.00
69,56,6077.34,172102.49,78540.33,81408.49,12153.67,20.37,21.00,0.00
70,56,6104.65,173959.91,79344.40,82406.22,12209.29,20.74,25.00,0.00
71,56,5902.55,169749.93,77435.27,80509.55,11805.11,21.11,24.00,0.00
72,56,5611.79,160690.93,73422.23,76044.13,11224.58,21.11,19.00,0.00
73,56,5714.22,161104.12,73580.79,76094.89,11428.43,21.50,28.00,0.00
74,56,5960.93,170940.95,78118.06,80901.03,11921.86,21.11,23.00,0.00
75,56,5553.73,155981.35,71243.51,73631.39,11106.46,22.28,30.00,0.00
76,56,5530.63,155203.62,70788.27,73354.10,11061.26,21.89,29.00,0.00
77,56,5554.75,157457.24,71877.70,74469.05,11110.50,22.28,24.00,0.00
78,56,5177.95,149110.48,68023.31,70731.28,10355.89,22.69,26.00,0.00
79,56,5137.17,148293.21,67491.97,70526.89,10274.34,23.52,13.00,0.00
80,56,5188.79,148066.95,67583.25,70107.12,10376.57,23.52,24.01,0.00
81,56,5150.02,149544.56,68271.26,70972.27,10301.04,23.52,16.00,0.00
82,56,4801.12,136813.32,62325.51,64885.58,9602.23,25.28,24.00,0.00
83,56,5072.85,144873.78,66074.07,68654.00,10145.70,23.95,24.00,0.00
84,56,4759.81,134892.65,61480.56,63892.47,9519.62,24.83,16.00,0.00
85,56,4810.92,136946.73,62474.96,64850.92,9620.84,25.28,22.00,0.00
86,56,4461.93,128121.85,58524.02,60673.98,8923.85,27.66,21.00,0.00
87,56,4816.51,134981.28,61534.51,63812.75,9634.02,25.28,22.00,0.00
88,56,4486.96,123693.99,56363.54,58356.53,8973.93,28.16,25.00,0.00
89,56,4769.88,137098.66,62605.47,64953.42,9539.77,25.28,18.00,0.00
90,56,4449.88,126197.64,57532.47,59765.41,8899.76,27.17,19.00,0.00
91,56,4247.26,119407.24,54478.30,56434.42,8494.51,27.66,21.00,0.00
92,56,4234.02,118001.56,53788.26,55745.27,8468.04,28.67,13.00,0.00
93,56,4193.81,117677.64,53610.56,55679.46,8387.62,27.66,11.00,0.00
94,56,4347.75,122895.03,55907.83,58291.69,8695.51,28.67,14.00,0.00
95,56,4347.22,120405.20,54911.83,56798.92,8694.45,27.17,13.00,0.00
96,56,4088.05,114327.32,52175.60,53976.63,8175.09,30.81,24.00,0.00
97,56,3951.83,113021.05,51608.74,53507.66,7904.65,30.26,28.00,0.00
98,56,3817.15,110260.36,50352.99,52273.07,7634.30,32.53,16.00,0.00
99,56,3801.04,107081.15,48805.52,50673.54,7602.08,30.81,15.00,0.00
100,56,3784.91,108197.28,49380.76,51247.71,7568.81,31.94,8.00,0.00
101,56,3750.07,107905.98,49322.91,51081.94,7501.14,31.37,16.00,0.00
102,56,3925.79,110897.99,50589.26,52457.16,7851.57,30.26,16.00,0.00
103,56,3782.04,107701.20,49081.55,51055.57,7564.08,31.37,20.00,0.00
104,56,3699.97,106800.27,48673.67,50727.66,7398.95,31.94,13.00,0.00
105,56,3721.21,106233.07,48482.77,50306.87,7443.43,32.53,21.00,0.00
106,56,3732.90,106585.16,48660.71,50458.66,7465.80,32.53,16.00,0.00
107,56,3901.12,109909.50,50116.60,51990.66,7802.25,30.81,19.00,0.00
108,56,3687.95,104282.47,47560.30,49346.28,7375.89,32.53,18.00,0.00
109,56,3542.09,101808.57,46413.17,48311.22,7084.18,33.12,15.00,0.00
110,56,3349.00,94655.96,43259.98,44697.98,6698.00,34.95,9.00,0.00
111,56,3400.94,97356.36,44435.25,46118.22,6802.89,34.33,12.00,0.00
112,56,3299.13,93039.69,42479.69,43962.74,6597.26,36.89,16.00,0.00
113,56,3488.94,98943.37,45102.26,46863.23,6977.88,32.53,17.00,0.00
114,56,3223.81,91397.71,41716.59,43233.50,6447.63,36.89,19.00,0.00
115,56,3273.04,92655.20,42350.55,43758.56,6546.08,35.59,15.00,0.00
116,56,3391.97,96981.00,44204.55,45992.53,6783.93,36.24,11.00,0.00
117,56,3403.87,95707.30,43654.31,45245.25,6807.74,33.72,13.00,0.00
118,56,3201.22,93161.34,42519.89,44240.01,6401.44,36.89,21.00,0.00
119,56,3532.84,96506.53,43996.96,45442.90,7066.67,34.95,14.00,0.00
120,56,3247.13,92825.78,42338.73,43992.79,6494.26,35.59,16.00,0.00
121,56,3244.69,91382.40,41618.08,43275.93,6488.39,36.89,16.00,0.00
122,56,3154.26,90663.34,41405.35,42948.48,6309.51,38.25,15.00,0.00
123,56,2874.98,82442.54,37700.79,38991.78,5749.97,39.65,7.00,0.00
124,56,3389.13,94937.69,43336.68,44822.74,6778.26,35.59,24.00,0.00
125,56,3146.96,90592.82,41320.46,42978.44,6293.92,38.25,10.00,0.00
126,56,3285.85,92396.65,42221.01,43603.95,6571.69,35.59,11.00,0.00
127,56,3093.98,87930.46,40115.75,41626.74,6187.96,36.24,17.00,0.00
128,56,3199.77,91878.43,41902.01,43576.89,6399.54,36.89,20.00,0.00
129,56,3205.44,89537.29,40800.60,42325.81,6410.88,35.59,12.00,0.00
130,56,2968.85,85605.65,39003.02,40664.93,5937.70,38.25,16.00,0.00
131,56,3164.03,91185.85,41555.39,43302.41,6328.06,36.89,17.00,0.00
132,56,3004.97,85062.25,38780.66,40271.65,6009.95,41.10,13.00,0.00
133,56,3201.28,90256.88,41128.59,42725.73,6402.56,36.24,18.00,0.00
134,56,3156.69,89608.13,40870.95,42423.80,6313.37,37.56,16.00,0.00
135,56,3030.33,84032.04,38388.13,39583.26,6060.65,40.37,15.00,0.00
136,56,3205.98,93606.51,42647.78,44547.77,6410.97,35.59,11.00,0.00
137,56,2920.87,85815.16,39138.25,40834.17,5842.74,37.56,13.00,0.00
138,56,3087.81,86712.72,39575.59,40961.50,6175.62,36.89,12.00,0.00
139,56,3118.11,88976.20,40629.46,42110.51,6236.22,36.89,19.00,0.00
140,56,2860.89,83364.67,38002.48,39640.42,5721.77,41.10,20.00,0.00
141,56,3126.04,88810.25,40524.57,42033.59,6252.09,36.24,15.00,0.00
142,56,3001.11,83924.02,38365.38,39556.43,6002.22,38.94,17.00,0.00
143,56,3095.03,88452.75,40300.34,41962.36,6190.05,37.56,18.00,0.00
144,56,3140.81,87618.84,39941.65,41395.56,6281.63,38.25,10.00,0.00
145,56,3221.21,93216.10,42531.78,44241.90,6442.42,36.24,18.00,0.00
146,56,3014.82,88323.71,40267.59,42026.48,6029.64,36.89,11.00,0.00
147,56,2867.81,82296.47,37531.48,39029.38,5735.61,38.25,9.00,0.00
148,56,2981.54,85080.35,38861.01,40256.26,5963.08,39.65,12.00,0.00
149,56,2963.00,83984.05,38281.02,39777.02,5926.00,38.25,16.00,0.00
150,56,3023.79,83903.12,38272.32,39584.23,6046.58,38.25,17.00,0.00
151,56,3042.83,86430.27,39422.84,40920.76,6086.67,38.25,13.00,0.00
152,56,3034.98,86119.51,39326.78,40723.77,6068.97,38.25,16.00,0.00
153,56,2914.26,82611.38,37739.37,39042.49,5829.52,40.37,11.00,0.00
154,56,2971.88,84640.56,38658.43,40038.37,5943.76,38.94,16.00,0.00
155,56,3051.09,85486.41,38933.10,40451.14,6102.17,38.25,10.00,0.00
156,56,2877.98,83250.29,37944.68,39549.66,5755.95,40.37,11.00,0.00
157,56,2744.92,79576.68,36305.94,37780.90,5489.84,40.37,9.00,0.00
158,56,2912.77,82897.46,37812.02,39259.90,5825.54,38.94,15.00,0.00
159,56,2988.17,86502.04,39552.30,40973.39,5976.35,38.94,16.00,0.00
160,56,3222.02,91586.48,41764.22,43378.23,6444.03,36.24,14.00,0.00
161,56,3069.09,87500.46,39942.12,41420.16,6138.17,38.25,14.00,0.00
162,56,2861.09,83553.51,38176.15,39655.19,5722.17,38.25,11.00,0.00
163,56,3076.85,87563.68,39986.03,41423.96,6153.70,36.89,14.00,0.00
164,56,3115.17,88145.69,40228.14,41687.22,6230.33,37.56,14.00,0.00
165,56,3088.90,87564.08,39842.67,41543.61,6177.79,35.59,6.00,0.00
166,56,3144.15,91181.23,41506.92,43386.01,6288.29,36.89,16.00,0.00
167,56,3072.06,87995.61,40261.74,41589.76,6144.11,37.56,12.00,0.00
168,56,2991.96,82848.87,37788.48,39076.47,5983.92,38.25,16.00,0.00
169,56,2947.90,84069.27,38355.75,39817.70,5895.81,38.94,10.00,0.00
170,56,2979.01,87159.16,39813.07,41388.07,5958.01,36.24,16.00,0.00
171,56,3128.12,88392.36,40378.53,41757.59,6256.24,37.56,15.00,0.00
172,56,2940.98,82618.51,37684.78,39051.77,5881.97,38.25,12.00,0.00
173,56,3133.90,88930.24,40570.74,42093.69,6265.81,36.89,18.00,0.00
174,56,3385.07,96529.03,44101.93,45656.96,6770.14,33.12,14.00,0.00
175,56,3018.80,89015.18,40585.34,42390.23,6039.60,36.89,13.00,0.00
176,56,2923.21,82595.04,37673.75,39074.86,5846.43,37.56,11.00,0.00
177,56,3180.49,87478.06,39839.65,41277.42,6360.99,35.59,14.00,0.00
178,56,3125.32,89018.24,40698.23,42069.37,6250.65,35.59,14.00,0.00
179,56,3068.95,86883.61,39626.37,41119.34,6137.90,36.24,16.00,0.00
180,56,3175.09,89483.59,40770.18,42363.23,6350.18,35.59,15.00,0.00
181,56,2978.90,84916.14,38801.69,40156.65,5957.80,36.89,18.00,0.00
182,56,3098.57,88096.72,40168.40,41731.18,6197.14,35.59,17.00,0.00
183,56,3165.46,89202.08,40674.96,42195.19,6331.93,34.95,8.00,0.00
184,56,2806.11,79924.00,36557.37,37755.42,5611.21,41.10,8.00,0.00
185,56,3026.92,86507.82,39430.01,41023.97,6053.85,35.59,8.00,0.00
186,56,3390.07,95736.08,43646.95,45308.99,6780.15,33.12,19.00,0.00
187,56,3301.90,93783.11,42834.68,44344.63,6603.80,34.95,16.00,0.00
188,56,3311.95,93760.65,42745.39,44392.36,6622.90,32.53,13.00,0.00
189,56,3190.15,89487.07,40966.86,42138.92,6381.29,36.24,12.00,0.00
190,56,3099.96,87287.93,39752.51,41335.50,6199.92,35.59,11.00,0.00
191,56,3268.90,92207.19,42063.72,43605.67,6537.80,34.33,15.00,0.00
192,56,3237.10,92058.85,41949.30,43635.35,6474.20,33.12,11.00,0.00
193,56,3270.87,92462.40,42125.36,43795.29,6541.74,34.33,15.00,0.00
194,56,3227.03,93402.82,42583.38,44365.39,6454.06,34.33,16.00,0.00
195,56,3144.07,89876.88,41005.86,42582.89,6288.13,33.72,12.00,0.00
196,56,3179.96,91013.75,41613.43,43040.41,6359.91,35.59,11.00,0.00
197,56,3356.00,96344.91,43927.96,45704.96,6711.99,33.12,15.00,0.00
198,56,3300.10,94901.97,43360.36,44941.41,6600.21,33.72,12.00,0.00
199,56,3219.97,90492.28,41232.67,42819.66,6439.95,34.33,12.00,0.00
200,56,3365.23,94090.54,42879.98,44480.09,6730.47,33.12,16.00,0.00
201,56,3014.92,85771.72,39226.96,40514.92,6029.84,37.56,12.00,0.00
202,56,3163.99,89048.77,40577.89,42142.89,6327.98,34.33,13.00,0.00
203,56,3148.59,89118.46,40654.74,42166.54,6297.18,35.59,14.00,0.00
204,56,3185.20,90019.76,41069.63,42580.73,6369.41,34.95,15.00,0.00
205,56,3450.33,96289.19,43967.20,45420.34,6901.66,31.94,7.00,0.00
206,56,3161.78,89808.85,40997.19,42488.09,6323.57,34.33,14.00,0.00
207,56,3253.23,92739.69,42333.06,43900.17,6506.47,34.33,13.00,0.00
208,56,3163.94,89805.37,41022.26,42455.23,6327.89,34.95,17.00,0.00
209,56,3241.63,89527.66,40827.29,42217.13,6483.25,34.95,14.00,0.00
210,56,3130.22,90885.35,41448.89,43176.02,6260.44,36.24,10.00,0.00
211,56,3211.89,91163.90,41549.59,43190.53,6423.78,34.33,13.00,0.00
212,56,3257.13,92075.75,42077.71,43483.77,6514.27,34.95,10.00,0.00
213,56,3165.81,91439.48,41846.48,43261.39,6331.62,34.33,14.00,0.00
214,56,3325.34,91627.25,41799.22,43177.36,6650.67,34.33,19.00,0.00
215,56,3251.88,93758.59,42780.44,44474.38,6503.76,32.53,17.00,0.00
216,56,3368.85,93069.93,42473.14,43859.08,6737.71,33.12,15.00,0.00
217,56,3318.06,93722.56,42767.71,44318.74,6636.11,33.72,9.00,0.00
218,56,3476.14,99698.15,45435.89,47307.97,6954.29,31.94,13.00,0.00
219,56,3382.12,95764.34,43629.52,45372.58,6762.24,31.94,10.00,0.00
220,56,3225.75,92781.87,42288.75,44041.62,6451.50,34.33,16.00,0.00
221,56,3477.03,99077.83,45181.38,46942.40,6954.06,31.37,15.00,0.00
222,56,3350.22,95405.16,43432.80,45272.92,6699.43,32.53,13.00,0.00
223,56,3648.78,106266.62,48529.09,50438.97,7298.56,30.26,14.00,0.00
224,56,3538.89,99936.88,45541.58,47317.52,7077.78,31.37,19.00,0.00
225,56,3328.17,95746.75,43626.17,45464.26,6656.33,32.53,13.00,0.00
226,56,3372.81,95372.52,43425.51,45201.40,6745.61,33.12,15.00,0.00
227,56,3237.17,92360.89,42158.23,43728.32,6474.34,34.33,13.00,0.00
228,56,3350.82,95028.90,43380.67,44946.59,6701.64,32.53,16.00,0.00
229,56,3368.18,95841.24,43807.40,45297.48,6736.37,32.53,11.00,0.00
230,56,3403.94,96590.40,44040.27,45742.24,6807.89,32.53,16.00,0.00
231,56,3390.96,97408.95,44483.52,46143.50,6781.93,32.53,16.00,0.00
232,56,3398.92,96905.58,44155.90,45952.85,6796.83,33.12,14.00,0.00
233,56,3444.04,96816.10,44109.50,45818.52,6888.08,31.94,22.00,0.00
234,56,3331.02,93610.43,42786.20,44161.20,6663.03,33.12,10.00,0.00
235,56,3405.30,97118.50,44360.88,45947.02,6810.60,33.12,16.00,0.00
236,56,3456.76,98229.17,44826.88,46489.77,6912.52,32.53,14.00,0.00
237,56,3604.04,101590.12,46360.51,48021.53,7208.08,30.81,15.00,0.00
238,56,3373.15,95973.13,43809.89,45415.95,6747.29,31.94,12.00,0.00
239,56,3578.83,100485.09,45797.76,47529.68,7157.65,31.37,20.00,0.00
240,56,3624.01,101489.31,46308.14,47933.15,7248.02,31.37,19.00,0.00
241,56,3586.91,103619.33,47176.78,49268.73,7173.82,30.81,18.00,0.00
242,56,3550.98,101066.41,46051.73,47912.72,7101.96,31.94,12.00,0.00
243,56,3485.90,97595.34,44439.79,46183.74,6971.81,31.94,18.00,0.00
244,56,3362.15,95433.34,43560.98,45148.05,6724.31,31.37,9.00,0.00
245,56,3552.90,100194.18,45763.71,47324.67,7105.80,31.37,12.00,0.00
246,56,3381.26,94193.17,42959.27,44471.38,6762.51,32.53,18.00,0.00
247,56,3354.00,98603.89,44994.95,46900.95,6707.99,31.37,9.00,0.00
248,56,3209.91,90690.37,41350.80,42919.76,6419.81,33.12,15.00,0.00
249,56,3541.00,99698.00,45485.00,47131.00,7082.00,30.81,9.00,0.00
250,56,3447.89,98079.94,44597.61,46587.55,6894.78,31.37,12.00,0.00
251,56,3397.01,96175.30,43931.14,45450.14,6794.02,31.94,22.00,0.00
252,56,3561.87,102161.34,46608.33,48428.27,7124.75,30.81,13.00,0.00
253,56,3440.32,95818.84,43648.03,45290.18,6880.63,30.81,10.00,0.00
254,56,3381.87,95898.26,43789.29,45346.23,6762.74,33.12,10.00,0.00
255,56,3386.15,96217.17,44072.91,45370.96,6773.29,32.53,16.00,0.00
256,56,3337.96,96448.77,44036.44,45736.42,6675.92,33.12,18.00,0.00
257,56,3398.90,95153.33,43393.78,44961.74,6797.81,33.72,7.00,0.00
258,56,3310.00,95262.14,43460.06,45182.06,6620.01,33.12,22.00,0.00
259,56,3340.93,95301.92,43442.05,45178.01,6681.85,31.94,10.00,0.00
260,56,3410.94,95461.26,43510.21,45129.18,6821.88,31.94,16.00,0.00
261,56,3278.10,91456.67,41667.21,43234.26,6555.19,33.12,17.00,0.00
262,56,3408.92,97157.72,44343.96,45995.92,6817.84,31.94,12.00,0.00
263,56,3530.12,100996.40,46124.55,47810.61,7061.24,31.37,16.00,0.00
264,56,3353.66,92956.62,42409.72,43839.58,6707.32,33.12,13.00,0.00
265,56,3269.13,91247.75,41649.71,43059.77,6538.27,33.12,20.00,0.00
266,56,3445.16,97735.68,44579.13,46266.21,6890.33,33.12,13.00,0.00
267,56,3746.02,107587.54,49109.25,50987.26,7491.04,29.72,16.00,0.00
268,56,3668.14,106665.04,48688.84,50638.92,7337.28,30.26,16.00,0.00
269,56,3512.76,100547.10,45880.85,47640.73,7025.52,31.37,16.00,0.00
270,56,3476.14,97453.83,44425.74,46075.81,6952.27,31.37,14.00,0.00
271,56,3495.91,98214.41,44805.82,46416.78,6991.82,30.81,18.00,0.00
272,56,3443.80,96861.31,44171.41,45802.31,6887.60,31.94,13.00,0.00
273,56,3412.20,96567.76,44168.64,45574.72,6824.41,31.94,17.00,0.00
274,56,3386.29,96495.24,44068.76,45653.90,6772.58,32.53,17.00,0.00
275,56,3384.88,95880.67,43796.48,45314.43,6769.76,32.53,14.00,0.00
276,56,3330.95,95740.54,43581.34,45497.31,6661.90,32.53,16.00,0.00
277,56,3436.08,101456.45,46423.12,48161.16,6872.17,31.94,11.00,0.00
278,56,3395.72,95429.03,43580.36,45057.24,6791.43,31.37,20.00,0.00
279,56,3258.02,91813.64,41949.29,43348.30,6516.05,33.72,14.00,0.00
280,56,3286.18,93703.19,42727.36,44404.46,6571.36,33.12,19.00,0.00
281,56,3600.75,99775.01,45510.81,47061.70,7202.50,30.26,11.00,0.00
282,56,3494.07,99545.01,45435.92,47120.95,6988.14,31.94,18.00,0.00
283,56,3595.99,100233.76,45764.89,47278.89,7189.98,29.72,22.00,0.00
284,56,3639.07,102787.04,46939.93,48566.96,7280.14,30.26,12.00,0.00
285,56,3440.90,96456.20,44044.72,45529.68,6881.80,31.37,21.00,0.00
286,56,3441.13,94718.55,43202.62,44633.67,6882.26,31.94,9.00,0.00
287,56,3493.00,98982.99,45166.99,46829.99,6986.00,31.94,11.00,0.00
288,56,3577.96,102240.98,46625.53,48460.52,7154.93,30.26,14.00,0.00
289,56,3463.06,100476.76,45793.80,47755.84,6927.12,30.81,14.00,0.00
290,56,3627.90,104543.26,47781.75,49505.70,7255.81,29.72,13.00,0.00
291,56,3508.91,100248.41,45716.82,47513.77,7017.82,31.94,13.00,0.00
292,56,3347.16,93629.43,42823.02,44112.08,6694.32,33.12,11.00,0.00
293,56,3560.83,100129.14,45691.78,47315.70,7121.65,31.37,13.00,0.00
294,56,3659.27,103940.71,47459.52,49162.65,7318.54,30.26,12.00,0.00
295,56,3608.93,104290.86,47573.02,49499.98,7217.85,30.26,15.00,0.00
296,56,3306.11,96133.15,43780.44,45740.50,6612.22,32.53,13.00,0.00
297,56,3427.71,98649.57,45068.15,46726.01,6855.41,31.37,22.00,0.00
298,56,3616.16,102669.52,46852.06,48585.14,7232.32,30.81,13.00,0.00
299,56,3553.26,99604.26,45422.31,47076.43,7105.52,30.81,14.00,0.00
300,56,3185.79,91103.11,41532.32,43198.21,6372.59,34.33,11.00,0.00
301,56,3533.94,100275.43,45688.28,47519.25,7067.89,31.37,18.00,0.00
302,56,3624.09,103317.62,47062.19,49007.24,7248.18,30.81,21.00,0.00
303,56,3579.87,102641.23,46877.28,48604.21,7159.74,31.37,16.00,0.00
304,56,3174.96,88396.79,40263.45,41784.43,6348.91,33.12,10.00,0.00
305,56,3433.12,96285.33,43894.52,45523.57,6867.24,32.53,17.00,0.00
306,56,3473.72,99356.99,45347.34,47062.20,6947.44,32.53,25.00,0.00
307,56,3529.27,97573.46,44485.40,46029.52,7058.54,31.37,12.00,0.00
308,56,3387.95,96402.52,44082.32,45545.30,6774.90,32.53,17.00,0.00
309,56,3251.63,92410.36,42248.14,43657.97,6504.25,33.12,16.00,0.00
310,56,3338.39,95117.54,43319.05,45121.72,6676.77,32.53,20.00,0.00
311,56,3420.28,97085.38,44397.64,45847.18,6840.56,31.94,13.00,0.00
312,56,3711.89,105215.02,47962.64,49828.59,7423.79,29.19,15.00,0.00
313,56,3456.99,100536.63,45899.83,47721.82,6914.97,31.37,16.00,0.00
314,56,3484.96,100185.98,45756.54,47460.52,6968.93,31.37,14.00,0.00
315,56,3718.02,103968.58,47407.27,49125.27,7436.04,29.19,10.00,0.00
316,56,3739.06,105303.56,48089.71,49735.74,7478.11,29.72,13.00,0.00
317,56,3609.82,100649.07,45838.76,47590.67,7219.65,30.26,17.00,0.00
318,56,3488.12,99543.30,45505.51,47061.56,6976.23,31.94,25.00,0.00
319,56,3535.02,101064.50,46114.23,47880.24,7070.04,31.37,18.00,0.00
320,56,3419.59,96988.44,44300.72,45848.54,6839.18,31.94,15.00,0.00
321,56,3562.52,101200.89,46129.78,47947.05,7124.05,31.37,14.00,0.00
322,56,3554.80,100422.46,45884.47,47428.38,7109.61,30.26,16.00,0.00
323,56,3382.00,96792.00,44178.00,45849.00,6765.00,31.37,16.00,0.00
324,56,3639.02,103753.50,47196.23,49280.24,7277.04,30.26,12.00,0.00
325,56,3590.15,100251.17,45685.90,47383.97,7181.30,30.81,11.00,0.00
326,56,3542.08,99480.38,45347.09,47050.13,7083.17,32.53,11.00,0.00
327,56,3343.77,92870.69,42301.12,43881.02,6688.55,33.12,14.00,0.00
328,56,3522.02,100517.69,45848.31,47625.33,7044.05,31.37,13.00,0.00
329,56,3390.94,96039.40,43909.27,45351.24,6778.89,32.53,13.00,0.00
330,56,3623.12,101414.40,46149.55,48015.61,7249.24,30.26,16.00,0.00
331,56,3510.87,99184.37,45195.35,46967.28,7021.74,31.94,9.00,0.00
332,56,3572.03,100368.97,45753.44,47471.46,7144.07,31.37,21.00,0.00
333,56,3466.19,98427.29,44895.41,46599.50,6932.37,31.37,18.00,0.00
334,56,3324.89,94606.89,43261.58,44695.53,6649.78,33.72,12.00,0.00
335,56,3401.14,98094.91,44716.78,46575.86,6802.27,30.81,13.00,0.00
336,56,3296.78,95697.69,43595.12,45509.00,6593.57,32.53,17.00,0.00
337,56,3590.01,102025.26,46487.12,48358.12,7180.02,30.81,26.00,0.00
338,56,3572.97,100681.06,45872.57,47662.55,7145.93,31.37,9.00,0.00
339,56,3531.09,101538.52,46315.15,48161.19,7062.17,30.81,15.00,0.00
340,56,3597.94,104476.12,47682.14,49598.11,7195.87,30.81,16.00,0.00
341,56,3577.99,102149.65,46572.84,48420.84,7155.98,30.26,15.00,0.00
342,56,3683.90,104694.14,47813.69,49512.65,7367.80,29.19,20.00,0.00
343,56,3448.19,97697.44,44572.48,46228.58,6896.38,31.94,22.00,0.00
344,56,3522.63,100070.56,45711.23,47314.06,7045.26,30.81,13.00,0.00
345,56,3271.34,92073.69,41993.42,43537.58,6542.69,32.53,12.00,0.00
346,56,3599.89,101011.01,46113.64,47697.59,7199.79,30.81,18.00,0.00
347,56,3692.09,106063.69,48423.23,50257.27,7383.19,29.72,10.00,0.00
348,56,3398.89,96471.76,43928.52,45744.46,6798.77,32.53,7.00,0.00
349,56,3680.00,105919.00,48243.00,50317.00,7359.00,30.81,12.00,0.00
350,56,3369.92,96341.72,43905.96,45695.92,6739.84,31.94,15.00,0.00
351,56,3440.10,97450.74,44353.24,46216.30,6881.19,33.12,15.00,0.00
352,56,3562.10,101486.72,46248.24,48114.29,7124.19,30.26,13.00,0.00
353,56,3559.89,99599.02,45374.64,47104.59,7119.79,30.81,18.00,0.00
354,56,3545.05,100349.38,45787.63,47471.65,7090.10,31.37,19.00,0.00
355,56,3420.95,96039.61,43834.37,45363.34,6841.90,32.53,12.00,0.00
356,56,3622.92,102942.71,46951.96,48744.92,7245.84,29.72,14.00,0.00
357,56,3663.14,104759.90,47832.78,49600.85,7326.27,30.26,18.00,0.00
358,56,3320.04,91610.15,41786.52,43183.54,6640.08,32.53,15.00,0.00
359,56,3722.84,106054.56,48360.98,50247.90,7445.69,29.72,14.00,0.00
360,56,3453.32,98777.20,45014.19,46856.36,6906.64,32.53,8.00,0.00
361,56,3207.86,92086.00,42107.17,43563.11,6415.72,33.72,15.00,0.00
362,56,3528.76,100437.08,45809.84,47570.72,7056.51,30.81,8.00,0.00
363,56,3357.36,95282.35,43528.73,45037.89,6715.73,31.94,6.00,0.00
364,56,3541.79,100035.05,45486.30,47465.18,7083.58,30.81,15.00,0.00
365,56,3478.13,98532.76,44882.71,46693.78,6956.27,31.37,9.00,0.00
366,56,3525.17,100077.71,45615.15,47412.23,7050.33,30.26,16.00,0.00
367,56,3425.50,98437.60,44952.43,46634.18,6851.00,31.37,20.00,0.00
368,56,3427.16,98006.48,44709.04,46443.12,6854.31,30.81,14.00,0.00
369,56,3430.99,95829.77,43721.89,45245.89,6861.98,31.37,18.00,0.00
370,56,3516.24,101872.84,46480.12,48360.25,7032.47,30.26,18.00,0.00
371,56,3621.63,99596.96,45431.42,46922.27,7243.27,30.26,19.00,0.00
372,56,3136.03,88432.91,40330.42,41831.43,6271.06,34.33,10.00,0.00
373,56,3449.52,98812.24,45104.72,46807.48,6900.04,31.94,19.00,0.00
374,56,3460.59,99346.06,45284.77,47140.09,6921.19,32.53,12.00,0.00
375,56,3383.01,95497.25,43546.11,45185.12,6766.02,32.53,16.00,0.00
376,56,3712.99,105385.73,48156.88,49802.87,7425.98,29.72,14.00,0.00
377,56,3496.98,98066.46,44633.75,46438.74,6993.96,31.37,16.00,0.00
378,56,3261.93,93486.10,42637.13,44325.10,6523.87,33.12,18.00,0.00
379,56,3401.19,97417.35,44557.45,46057.53,6802.37,31.94,17.00,0.00
380,56,3540.80,100727.22,45913.36,47732.26,7081.59,30.81,16.00,0.00
381,56,3337.07,94380.10,42937.95,44768.00,6674.15,33.12,22.00,0.00
382,56,3497.98,98624.44,45064.75,46565.74,6993.96,31.37,16.00,0.00
383,56,3485.83,97718.25,44567.83,46176.75,6973.66,31.94,16.00,0.00
384,56,3590.18,101223.02,46159.29,47883.37,7180.36,32.53,17.00,0.00
385,56,3416.15,98084.19,44763.91,46487.99,6832.29,31.37,12.00,0.00
386,56,3528.90,100560.04,45850.65,47651.60,7057.79,30.81,23.00,0.00
387,56,3455.05,97414.42,44361.64,46142.67,6910.10,31.94,5.00,0.00
388,56,3597.85,102658.75,46768.06,48695.98,7194.70,30.81,12.00,0.00
389,56,3542.31,101443.78,46284.00,48074.16,7085.61,30.81,17.00,0.00
390,56,3465.99,98883.62,45064.83,46886.82,6931.97,31.94,14.00,0.00
391,56,3375.02,96386.44,43896.20,45740.21,6750.03,32.53,18.00,0.00
392,56,3236.62,92026.20,42013.07,43539.89,6473.24,33.72,14.00,0.00
393,56,3534.17,101093.74,46052.16,47973.25,7068.33,30.81,16.00,0.00
394,56,3362.49,95612.37,43576.33,45311.07,6724.97,31.94,9.00,0.00
395,56,3485.48,100057.75,45665.28,47421.52,6970.96,31.94,9.00,0.00
396,56,3238.12,91044.46,41511.58,43056.64,6476.25,33.72,19.00,0.00
397,56,3398.92,97922.72,44724.96,46400.92,6796.84,32.53,8.00,0.00
398,56,3518.99,98030.82,44720.92,46270.92,7038.99,30.81,18.00,0.00
399,56,3364.09,97628.55,44596.17,46304.21,6728.18,31.94,10.00,0.00
400,56,3480.93,97457.06,44496.12,45999.09,6961.86,31.37,15.00,0.00
401,56,3612.21,103260.05,47086.76,48949.87,7223.42,30.81,10.00,0.00
402,56,3412.95,97297.68,44369.40,46101.38,6826.91,32.53,15.00,0.00
403,56,3568.03,100853.81,46026.37,47691.38,7136.06,30.26,12.00,0.00
404,56,3464.65,97188.10,44297.49,45961.32,6929.29,31.94,15.00,0.00
405,56,3709.37,104766.36,47766.72,49580.90,7418.73,29.72,11.00,0.00
406,56,3620.67,101864.74,46512.77,48110.63,7241.34,30.26,15.00,0.00
407,56,3606.12,102761.39,46828.55,48720.61,7212.24,30.81,15.00,0.00
408,56,3262.90,92738.14,42346.69,43865.65,6525.80,33.12,12.00,0.00
409,56,3447.06,97594.81,44605.83,46096.86,6892.13,33.12,18.00,0.00
410,56,3323.00,94099.08,42925.04,44526.04,6648.01,33.72,17.00,0.00
411,56,3466.05,99587.35,45440.61,47214.64,6932.09,33.12,12.00,0.00
412,56,3577.04,100749.06,45913.48,47681.50,7154.08,31.37,14.00,0.00
413,56,3419.00,97441.02,44350.01,46253.01,6838.00,31.94,13.00,0.00
414,56,3376.03,98194.75,44828.34,46614.36,6752.05,31.37,15.00,0.00
415,56,3569.99,102957.72,46950.87,48866.87,7139.98,30.81,8.00,0.00
416,56,3228.51,91834.05,41883.64,43493.39,6457.02,33.12,19.00,0.00
417,56,3679.55,103406.33,47122.99,48924.25,7359.09,30.81,18.00,0.00
418,56,3359.18,95040.08,43354.32,44967.40,6718.36,33.12,16.00,0.00
419,56,3419.71,99717.64,45497.19,47381.03,6839.43,31.94,23.00,0.00
420,56,3517.17,98918.66,45192.13,46692.20,7034.33,31.94,17.00,0.00
421,56,3493.90,100124.28,45806.75,47329.71,6987.81,31.94,9.00,0.00
422,56,3525.03,102154.99,46632.45,48472.47,7050.07,30.81,11.00,0.00
423,56,3692.02,106185.64,48278.29,50524.30,7383.04,28.67,20.00,0.00
424,56,3314.90,94064.14,42892.69,44540.64,6630.80,33.12,17.00,0.00
425,56,3600.09,102675.57,46750.17,48725.22,7200.18,30.81,23.00,0.00
426,56,3217.94,91487.39,41767.26,43284.24,6435.89,33.12,20.00,0.00
427,56,3477.12,100368.48,45776.59,47637.65,6954.24,31.37,13.00,0.00
428,56,3208.02,90711.63,41437.29,42858.30,6416.04,33.12,8.00,0.00
429,56,3315.89,93230.91,42514.59,44084.54,6631.78,33.72,22.00,0.00
430,56,3298.03,95548.97,43579.44,45373.46,6596.07,34.33,12.00,0.00
431,56,3771.99,107931.62,49225.82,51161.82,7543.97,29.19,17.00,0.00
432,56,3296.92,96504.60,44120.90,45789.86,6593.84,32.53,10.00,0.00
433,56,3464.00,95968.89,43751.95,45289.95,6926.99,31.94,14.00,0.00
434,56,3551.10,100882.94,45983.34,47796.39,7103.21,31.37,15.00,0.00
435,56,3373.90,95424.23,43569.73,45106.69,6747.80,33.12,15.00,0.00
436,56,3411.22,95145.22,43361.83,44960.94,6822.45,31.94,17.00,0.00
437,56,3432.98,98971.47,45209.76,46895.75,6865.96,31.37,15.00,0.00
438,56,3459.89,98749.93,45060.60,46769.55,6919.79,31.37,17.00,0.00
439,56,3467.02,99553.45,45408.21,47211.22,6934.03,31.94,19.00,0.00
440,56,3759.13,109177.63,49906.66,51752.72,7518.25,29.72,16.00,0.00
441,56,3477.82,98188.01,44811.72,46420.64,6955.65,31.94,20.00,0.00
442,56,3246.08,91716.28,41848.04,43376.08,6492.16,33.12,19.00,0.00
443,56,3543.92,98979.73,45173.96,46717.93,7087.84,30.26,12.00,0.00
444,56,3609.01,103181.31,47074.14,48889.15,7218.02,30.81,20.00,0.00
445,56,3779.23,105836.42,48160.92,50117.04,7558.46,30.26,23.00,0.00
446,56,3595.71,98067.18,44624.44,46251.31,7191.43,30.81,16.00,0.00
447,56,3440.24,97000.83,44219.11,45901.23,6880.48,31.94,16.00,0.00
448,56,3351.12,94026.27,42952.50,44371.54,6702.23,34.33,15.00,0.00
449,56,3196.02,90585.54,41294.25,42899.26,6392.04,34.33,13.00,0.00
450,56,3333.96,94470.92,43001.51,44801.49,6667.92,33.72,18.00,0.00
451,56,3368.98,95517.44,43518.74,45260.73,6737.96,32.53,13.00,0.00
452,56,3582.80,99803.41,45505.45,47132.36,7165.60,31.37,10.00,0.00
453,56,3542.02,102227.44,46624.20,48519.21,7084.03,30.81,8.00,0.00
454,56,3649.03,103476.88,47158.40,49021.42,7297.06,30.81,16.00,0.00
455,56,3563.14,100603.86,45878.76,47597.83,7127.27,31.37,13.00,0.00
456,56,3682.71,105747.64,48245.19,50137.04,7365.42,30.81,14.00,0.00
457,56,3580.59,99472.58,45336.79,46974.61,7161.18,30.26,13.00,0.00
458,56,3627.56,100009.30,45592.98,47162.22,7254.11,30.81,15.00,0.00
459,56,3360.98,95902.43,43733.74,45445.73,6722.96,32.53,14.00,0.00
460,56,3340.94,94377.33,43129.24,44566.21,6681.88,32.53,19.00,0.00
461,56,3470.87,97694.38,44578.35,46174.29,6941.74,31.37,19.00,0.00
462,56,3378.06,94759.66,43150.76,44852.79,6756.12,31.94,14.00,0.00
463,56,3757.99,107539.82,49072.92,50949.91,7516.99,30.26,14.00,0.00
464,56,3542.33,102444.60,46933.40,48427.54,7083.66,31.37,15.00,0.00
465,56,3649.87,103588.27,47310.29,48978.23,7299.74,30.81,18.00,0.00
466,56,3481.11,100246.20,45679.46,47604.52,6962.22,30.81,11.00,0.00
467,56,3316.84,94352.58,43037.98,44680.91,6633.69,31.94,12.00,0.00
468,56,3363.97,96018.23,43888.65,45401.63,6727.95,33.72,23.00,0.00
469,56,3565.04,99484.06,45439.48,46915.50,7129.08,31.37,26.00,0.00
470,56,3496.09,99084.41,45188.10,46903.14,6993.17,31.94,19.00,0.00
471,56,3506.98,99960.53,45528.78,47417.78,7013.97,31.37,19.00,0.00
472,56,3569.10,100204.66,45729.43,47337.03,7138.19,30.26,15.00,0.00
473,56,3635.86,101754.20,46412.04,48070.43,7271.73,30.26,18.00,0.00
474,56,3555.97,100832.13,45969.60,47750.59,7111.94,30.26,13.00,0.00
475,56,3398.16,96078.47,43693.03,45589.12,6796.32,30.81,12.00,0.00
476,56,3303.84,94504.33,43145.87,44750.79,6607.67,32.53,17.00,0.00
477,56,3502.08,100128.28,45704.04,47421.08,7003.16,30.81,10.00,0.00
478,56,3567.90,101622.26,46374.75,48111.70,7135.81,30.81,14.00,0.00
479,56,3501.09,100405.46,45760.12,47642.17,7003.17,30.81,13.00,0.00
480,56,3471.01,99360.25,45279.11,47140.12,6941.02,31.37,12.00,0.00
481,56,3470.79,100514.78,45835.17,47738.05,6941.57,31.94,11.00,0.00
482,56,3528.14,99061.96,45179.81,46824.87,7057.28,31.37,21.00,0.00
483,56,3387.05,96048.30,43784.59,45489.62,6774.09,31.94,16.00,0.00
484,56,3376.03,94689.71,43137.33,44800.34,6752.05,31.94,17.00,0.00
485,56,3360.86,96213.00,43797.18,45694.10,6721.72,31.37,23.00,0.00
486,56,3383.08,95930.16,43773.99,45390.02,6766.15,31.94,10.00,0.00
487,56,3372.17,94275.85,42991.21,44540.29,6744.35,32.53,10.00,0.00
488,56,3258.93,92401.92,42176.05,43708.02,6517.85,33.12,16.00,0.00
489,56,3501.87,100123.31,45635.32,47484.25,7003.74,29.72,16.00,0.00
490,56,3662.13,102280.58,46615.63,48340.69,7324.26,30.26,11.00,0.00
491,56,3428.79,97342.97,44453.25,46032.15,6857.58,31.94,13.00,0.00
492,56,3581.12,100799.38,46014.54,47622.60,7162.24,30.81,5.00,0.00
493,56,3319.14,95161.09,43523.87,44998.93,6638.29,31.94,12.00,0.00
494,56,3193.25,91468.44,41679.18,43402.77,6386.49,33.72,13.00,0.00
495,56,3232.34,91303.52,41616.34,43222.51,6464.67,32.53,11.00,0.00
496,56,3677.56,104970.02,47817.30,49797.60,7355.12,29.72,19.00,0.00
497,56,3363.61,97743.76,44623.87,46392.66,6727.23,32.53,25.00,0.00
498,56,3375.27,95061.47,43297.40,45013.54,6750.53,32.53,14.00,0.00
499,56,3581.87,103168.30,47051.31,48953.24,7163.74,29.72,9.00,0.00
500,56,3648.92,102667.83,46795.01,48574.97,7297.85,29.19,20.00,0.00
501,56,3600.05,103713.36,47348.62,49164.65,7200.09,30.26,9.00,0.00
502,56,3317.07,97009.97,44378.90,45997.93,6633.13,31.94,12.00,0.00
503,56,3440.97,98338.00,44918.54,46536.53,6882.93,32.53,19.00,0.00
504,56,3469.02,99716.52,45499.24,47280.25,6937.04,30.81,12.00,0.00
505,56,3372.97,97513.05,44457.57,46308.55,6746.93,30.81,11.00,0.00
506,56,3504.01,99400.37,45328.17,47064.18,7008.03,31.37,17.00,0.00
507,56,3413.98,98534.44,45056.75,46649.74,6827.96,32.53,16.00,0.00
508,56,3443.00,96791.07,44239.03,45666.04,6886.01,31.94,16.00,0.00
509,56,3269.16,92244.42,42125.02,43581.09,6538.31,33.72,12.00,0.00
510,56,3541.85,98724.78,44987.08,46654.01,7083.70,30.81,11.00,0.00
511,56,3650.00,103912.11,47418.05,49194.05,7300.01,30.26,18.00,0.00
512,56,3348.93,95971.00,43790.09,45483.05,6697.86,33.72,18.00,0.00
513,56,3444.03,95101.92,43363.42,44850.44,6888.07,31.94,16.00,0.00
514,56,3458.91,99251.45,45352.84,46981.79,6916.82,31.37,15.00,0.00
515,56,3563.05,100607.52,45957.70,47522.72,7127.11,30.81,15.00,0.00
516,56,3341.45,95506.34,43522.86,45300.57,6682.90,31.37,13.00,0.00
517,56,3450.82,99361.55,45336.75,47124.17,6900.64,31.37,20.00,0.00
518,56,3508.72,99898.03,45696.35,47183.23,7018.44,31.37,20.00,0.00
519,56,3361.22,95026.08,43346.78,44956.88,6722.43,31.94,17.00,0.00
520,56,3519.92,100164.58,45644.90,47479.85,7039.83,31.37,16.00,0.00
521,56,3498.84,99460.38,45443.89,47018.81,6997.67,31.94,9.00,0.00
522,56,3301.02,93495.49,42680.22,44213.23,6602.03,33.12,15.00,0.00
523,56,3603.18,101507.18,46348.36,47952.45,7206.37,31.37,24.00,0.00
524,56,3377.89,96089.86,43870.57,45463.52,6755.78,31.37,11.00,0.00
525,56,3461.13,98329.60,44759.64,46647.71,6922.25,31.37,9.00,0.00
526,56,3589.88,102033.62,46526.46,48328.40,7178.76,31.37,14.00,0.00
527,56,3258.00,93592.00,42727.00,44348.00,6517.00,31.37,11.00,0.00
528,56,3366.11,94203.08,42969.40,44501.45,6732.22,31.94,13.00,0.00
529,56,3351.03,93530.78,42684.35,44144.37,6702.06,33.12,18.00,0.00
530,56,3503.93,100029.07,45580.12,47441.08,7007.86,31.37,25.00,0.00
531,56,3573.04,103664.17,47245.53,49272.56,7146.08,29.72,14.00,0.00
532,56,3425.84,98049.55,44756.97,46440.89,6851.69,31.37,20.00,0.00
533,56,3636.94,102229.28,46640.21,48315.19,7273.88,30.81,15.00,0.00
534,56,3422.13,98917.63,45181.66,46891.72,6844.25,31.94,14.00,0.00
535,56,3544.10,100158.85,45618.30,47452.35,7088.20,31.37,17.00,0.00
536,56,3414.82,98383.81,44931.63,46622.54,6829.64,31.37,21.00,0.00
537,56,3398.03,97665.74,44512.34,46358.35,6795.05,31.94,8.00,0.00
538,56,3512.98,101978.49,46538.77,48412.76,7026.96,30.81,22.00,0.00
539,56,3323.14,95217.15,43430.89,45139.97,6646.29,31.94,12.00,0.00
540,56,3555.01,102136.35,46640.16,48386.17,7110.02,30.81,13.00,0.00
541,56,3587.89,102415.88,46733.57,48506.52,7175.78,30.26,15.00,0.00
542,56,3622.02,101153.68,46127.31,47782.32,7244.05,30.81,10.00,0.00
543,56,3585.69,99841.25,45478.02,47191.87,7171.37,31.37,15.00,0.00
544,56,3402.63,98279.19,44837.30,46636.63,6805.26,32.53,15.00,0.00
545,56,3507.71,100446.65,45805.19,47626.04,7015.42,30.81,15.00,0.00
546,56,3381.10,94896.88,43326.32,44809.36,6761.21,33.12,16.00,0.00
547,56,3364.80,98618.02,45023.27,46864.16,6730.59,33.12,15.00,0.00
548,56,3399.19,95247.19,43365.36,45083.46,6798.37,32.53,16.00,0.00
549,56,3479.83,98240.13,44833.78,46446.70,6959.66,31.94,23.00,0.00
550,56,3467.65,99406.94,45360.41,47111.23,6935.30,30.81,14.00,0.00
551,56,3498.31,99242.84,45315.04,46932.18,6995.62,31.37,17.00,0.00
552,56,3550.03,101581.84,46248.38,48232.40,7101.06,30.81,13.00,0.00
553,56,3464.54,100350.66,45815.91,47605.67,6929.08,31.94,15.00,0.00
554,56,3557.44,101144.56,46188.74,47840.94,7114.88,30.26,17.00,0.00
555,56,3423.97,97016.12,44244.60,45923.58,6847.94,32.53,17.00,0.00
556,56,3592.15,102731.26,46927.95,48619.02,7184.30,30.81,20.00,0.00
557,56,3524.89,102974.90,47008.58,48916.53,7049.79,30.26,23.00,0.00
558,56,3524.05,99812.51,45430.69,47333.72,7048.11,31.37,13.00,0.00
559,56,3623.00,104813.08,47801.03,49766.04,7246.01,30.26,16.00,0.00
560,56,3444.16,96940.61,44200.10,45852.18,6888.33,31.37,15.00,0.00
561,56,3425.83,99040.11,45357.76,46830.69,6851.66,31.94,19.00,0.00
562,56,3453.88,97745.70,44609.49,46228.44,6907.77,32.53,10.00,0.00
563,56,3352.36,96518.24,44115.68,45698.85,6703.71,31.37,14.00,0.00
564,56,3580.67,103192.54,47111.68,48918.51,7162.34,30.81,23.00,0.00
565,56,3657.25,102035.90,46506.15,48215.26,7314.49,30.81,11.00,0.00
566,56,3605.93,102484.95,46754.07,48519.03,7211.86,30.26,18.00,0.00
567,56,3436.92,94894.83,43309.01,44711.98,6873.84,32.53,19.00,0.00
568,56,3504.98,99744.53,45401.79,47332.78,7009.97,31.37,19.00,0.00
569,56,3427.92,97346.60,44379.91,46110.86,6855.83,31.37,15.00,0.00
570,56,3575.16,102560.62,46822.11,48588.19,7150.32,30.81,21.00,0.00
571,56,3463.97,100313.22,45701.64,47683.63,6927.95,30.81,11.00,0.00
572,56,3624.04,104980.19,47853.54,49878.57,7248.08,29.72,17.00,0.00
573,56,3671.10,104852.94,47802.34,49708.39,7342.21,30.26,13.00,0.00
574,56,3612.67,104509.55,47667.69,49616.51,7225.35,29.72,22.00,0.00
575,56,3546.15,98746.26,45046.94,46607.01,7092.31,31.94,9.00,0.00
576,56,3416.07,97795.93,44695.88,46267.91,6832.13,32.53,6.00,0.00
577,56,3296.08,94196.33,42957.06,44647.10,6592.16,32.53,13.00,0.00
578,56,3629.82,102608.86,46775.66,48573.57,7259.64,30.26,14.00,0.00
579,56,3450.04,98084.11,44822.51,46361.52,6900.08,31.37,21.00,0.00
580,56,3554.70,101407.47,46272.11,48025.96,7109.40,31.37,10.00,0.00
581,56,3391.42,95723.98,43713.47,45228.66,6781.85,31.94,14.00,0.00
582,56,3609.73,102645.28,46760.48,48665.34,7219.46,30.81,16.00,0.00
583,56,3598.04,100827.23,45954.56,47675.58,7197.09,30.26,20.00,0.00
584,56,3377.09,96593.64,44115.21,45724.25,6754.18,33.12,18.00,0.00
585,56,3504.02,98509.58,44867.26,46634.27,7008.04,31.94,16.00,0.00
586,56,3650.64,103435.70,47197.30,48937.13,7301.27,30.26,16.00,0.00
587,56,3395.23,97230.57,44421.00,46019.11,6790.46,31.94,23.00,0.00
588,56,3497.99,99684.85,45461.93,47226.93,6995.99,31.37,16.00,0.00
589,56,3488.02,97417.61,44519.28,45923.29,6975.04,30.81,22.00,0.00
590,56,3317.06,95217.78,43462.81,45119.84,6635.12,33.12,16.00,0.00
591,56,3591.95,101409.59,46197.36,48028.33,7183.90,30.81,15.00,0.00
592,56,3297.98,94286.32,43066.69,44623.68,6595.95,31.94,11.00,0.00
593,56,3507.92,100431.65,45855.93,47559.89,7015.84,31.94,15.00,0.00
594,56,3515.23,100009.67,45639.04,47340.16,7030.47,29.72,16.00,0.00
595,56,3520.94,98758.21,45140.18,46577.15,7040.87,32.53,18.00,0.00
596,56,3486.71,99774.58,45596.15,47204.02,6974.41,31.37,16.00,0.00
597,56,3413.04,98355.03,44895.47,46633.49,6826.07,32.53,11.00,0.00
598,56,3452.17,98604.98,44968.27,46732.36,6904.35,31.94,18.00,0.00
599,56,3703.03,105116.96,47984.44,49726.45,7406.07,29.72,24.00,0.00
600,56,3512.94,99610.22,45420.19,47164.16,7025.87,30.81,11.00,0.00
601,56,3300.95,96709.54,44089.34,46018.31,6601.90,33.72,17.00,0.00
602,56,3748.18,106855.14,48726.34,50632.43,7496.36,30.26,18.00,0.00
603,56,3623.90,102910.21,46962.73,48699.68,7247.80,30.81,15.00,0.00
604,56,3531.11,100763.17,46064.45,47636.50,7062.22,31.37,28.00,0.00
605,56,3372.90,94887.33,43267.78,44873.74,6745.81,32.53,10.00,0.00
606,56,3823.09,107517.52,48961.15,50910.19,7646.18,29.19,12.00,0.00
607,56,3432.44,94918.46,43212.93,44840.66,6864.88,31.94,18.00,0.00
608,56,3535.37,102821.83,46937.94,48813.14,7070.74,30.26,19.00,0.00
609,56,3690.37,105878.68,48349.88,50149.06,7379.74,30.26,18.00,0.00
610,56,3497.99,99413.59,45413.81,47002.81,6996.97,30.81,13.00,0.00
611,56,3620.02,103160.68,47056.31,48864.32,7240.05,30.26,16.00,0.00
612,56,3317.04,93673.09,42714.50,44324.52,6634.08,31.94,18.00,0.00
613,56,3582.77,104715.22,47738.91,49810.77,7165.54,30.81,13.00,0.00
614,56,3665.99,104014.83,47468.92,49213.92,7331.99,30.26,16.00,0.00
615,56,3524.94,101385.30,46309.22,48026.20,7049.88,30.81,21.00,0.00
616,56,3470.23,98219.48,44804.95,46474.06,6940.46,31.37,18.00,0.00
617,56,3597.85,101490.74,46323.05,47971.98,7195.70,30.81,18.00,0.00
618,56,3398.11,95553.16,43638.44,45118.49,6796.22,32.53,15.00,0.00
619,56,3435.86,97302.94,44335.15,46097.08,6870.71,31.94,13.00,0.00
620,56,3379.02,95883.45,43696.21,45428.21,6759.03,32.53,12.00,0.00
621,56,3527.93,99397.98,45390.08,46952.04,7055.86,31.94,8.00,0.00
622,56,3330.56,95581.30,43592.21,45327.98,6661.12,31.94,11.00,0.00
623,56,3613.57,103894.49,47429.53,49237.82,7227.15,29.72,14.00,0.00
624,56,3454.92,98045.81,44723.00,46412.96,6909.85,31.37,15.00,0.00
625,56,3570.00,100699.01,45827.00,47732.00,7140.00,30.81,9.00,0.00
626,56,3436.97,97295.19,44391.63,46029.61,6873.94,32.53,13.00,0.00
627,56,3595.12,104315.60,47591.64,49534.71,7189.25,30.81,20.00,0.00
628,56,3446.77,98959.48,45105.03,46959.91,6894.55,31.37,10.00,0.00
629,56,3468.05,97133.33,44266.61,45930.63,6936.10,31.94,16.00,0.00
630,56,3469.33,97640.16,44540.18,46161.33,6938.65,31.37,16.00,0.00
631,56,3841.82,107837.87,49065.67,51088.57,7683.63,29.19,19.00,0.00
632,56,3716.74,105382.71,48051.68,49897.55,7433.49,29.19,17.00,0.00
633,56,3549.37,100661.50,45897.79,47664.97,7098.74,31.37,8.00,0.00
634,56,3280.88,93475.46,42664.39,44249.33,6561.75,33.12,7.00,0.00
635,56,3375.90,95389.30,43592.77,45044.72,6751.81,33.12,13.00,0.00
636,56,3408.09,97458.57,44442.17,46200.22,6816.18,31.94,14.00,0.00
637,56,3459.08,99568.39,45408.09,47242.14,6918.17,32.53,12.00,0.00
638,56,3546.92,101153.76,46109.98,47949.94,7093.84,31.37,13.00,0.00
639,56,3581.20,101922.57,46495.54,48264.64,7162.39,30.81,18.00,0.00
640,56,3509.73,98950.43,45173.55,46757.42,7019.46,32.53,14.00,0.00
641,56,3521.24,99360.77,45396.09,46922.20,7042.48,30.81,12.00,0.00
642,56,3355.88,96302.58,43958.44,45633.38,6710.76,32.53,15.00,0.00
643,56,3310.83,91786.31,41870.86,43292.79,6622.66,31.94,18.00,0.00
644,56,3928.11,108623.04,49501.39,51265.44,7856.22,28.67,16.00,0.00
645,56,3521.20,100415.76,45724.62,47648.73,7042.40,31.37,14.00,0.00
646,56,3726.99,106531.79,48548.91,50528.90,7453.99,29.72,16.00,0.00
647,56,3721.81,105357.59,47975.54,49938.44,7443.62,30.81,23.00,0.00
648,56,3473.03,98498.86,44957.39,46595.41,6946.06,32.53,16.00,0.00
649,56,3437.74,95857.73,43597.69,45384.56,6875.48,30.81,10.00,0.00
650,56,3426.15,96322.28,43881.95,45588.03,6852.30,30.81,13.00,0.00
651,56,3395.02,95273.43,43487.19,44996.20,6790.03,31.94,13.00,0.00
652,56,3255.71,93419.77,42691.24,44218.10,6510.43,33.12,10.00,0.00
653,56,3444.46,97566.91,44565.90,46111.10,6889.91,31.37,13.00,0.00
654,56,3436.85,97825.60,44640.99,46310.92,6873.69,31.94,18.00,0.00
655,56,3640.28,104680.07,47774.68,49624.83,7280.56,30.26,22.00,0.00
656,56,3305.77,94812.51,43229.04,44971.92,6611.55,33.12,15.00,0.00
657,56,3535.01,101632.20,46323.09,48239.10,7070.01,30.26,17.00,0.00
658,56,3625.99,101425.72,46294.87,47878.87,7251.98,31.37,19.00,0.00
659,56,3513.19,100192.32,45727.43,47438.52,7026.37,30.81,15.00,0.00
660,56,3360.88,97797.52,44601.41,46474.35,6721.76,31.94,17.00,0.00
661,56,3468.19,100404.47,45793.49,47674.60,6936.38,31.94,17.00,0.00
662,56,3405.83,97694.00,44612.72,46269.63,6811.65,31.94,9.00,0.00
663,56,3424.10,97511.95,44459.35,46204.40,6848.21,31.37,8.00,0.00
664,56,3462.09,96624.63,44039.20,45661.24,6924.19,32.53,18.00,0.00
665,56,3688.86,101927.21,46477.27,48072.21,7377.73,31.37,23.00,0.00
666,56,3613.07,102789.93,46823.88,48741.92,7224.14,30.26,6.00,0.00
667,56,3797.07,107141.09,48826.95,50717.99,7596.15,29.19,14.00,0.00
668,56,3529.82,101927.67,46502.57,48365.47,7059.63,30.26,15.00,0.00
669,56,3460.89,97838.86,44627.57,46289.52,6921.78,31.94,18.00,0.00
670,56,3792.96,107190.95,48853.52,50751.50,7585.93,29.72,21.00,0.00
671,56,3681.01,103451.24,47141.11,48949.11,7361.02,30.26,20.00,0.00
672,56,3671.99,103296.61,47164.82,48786.82,7344.97,31.37,14.00,0.00
673,56,3479.08,98536.38,44926.08,46653.13,6957.17,31.94,15.00,0.00
674,56,3449.96,98728.96,45143.52,46684.51,6900.93,30.81,10.00,0.00
675,56,3696.17,104333.84,47573.21,49368.29,7392.34,29.19,9.00,0.00
676,56,3705.99,105251.80,47989.91,49849.90,7411.99,30.26,27.00,0.00
677,56,3575.02,102786.60,46851.27,48785.28,7150.04,30.81,9.00,0.00
678,56,3519.51,101692.96,46374.60,48279.33,7039.03,30.26,20.00,0.00
679,56,3497.30,98976.57,45156.91,46827.06,6992.61,30.26,14.00,0.00
680,56,3546.00,101512.04,46394.02,48024.02,7094.00,31.94,17.00,0.00
681,56,3637.97,107333.21,48984.64,51072.62,7275.95,29.19,10.00,0.00
682,56,3679.06,104595.82,47792.83,49444.86,7358.13,29.72,22.00,0.00
683,56,3543.15,102682.28,46806.95,48789.04,7086.30,31.94,19.00,0.00
684,56,3704.84,107148.26,48848.84,50889.75,7409.67,29.72,23.00,0.00
685,56,3524.07,99243.04,45274.93,46919.96,7048.14,30.81,9.00,0.00
686,56,3381.93,96173.12,43864.14,45545.11,6763.87,32.53,19.00,0.00
687,56,3498.10,97312.89,44404.32,45912.37,6996.21,30.81,12.00,0.00
688,56,3505.14,101959.95,46499.80,48449.87,7010.27,31.37,13.00,0.00
