sysbench 1.0.20 (using bundled LuaJIT 2.1.0-beta2)

Running the test with following options:
Number of threads: 56
Report intermediate results every 1 second(s)
Initializing random number generator from current time


Initializing worker threads...

Threads started!

1,56,1944.54,55519.66,25321.92,26085.39,4112.35,106.75,8.97,0.00
2,56,2576.21,73037.41,33410.63,34474.36,5152.42,90.78,12.02,0.00
3,56,3629.79,103631.92,47221.23,49151.11,7259.57,63.32,24.00,0.00
4,56,4685.14,132598.87,60536.77,62691.83,9370.27,53.85,17.00,0.00
5,56,5305.81,149483.59,68181.53,70690.44,10611.62,48.34,26.00,0.00
6,56,5874.19,164134.22,74697.38,77688.47,11748.37,42.61,28.00,0.00
7,56,6508.77,185618.44,84749.01,87851.90,13017.54,35.59,30.00,0.00
8,56,7317.07,206962.03,94415.92,97911.96,14634.14,15.55,39.00,0.00
9,56,7885.82,224063.87,102253.66,106039.57,15770.64,14.73,35.00,0.00
10,56,8323.03,233538.80,106424.36,110467.38,16647.06,14.73,29.00,0.00
11,56,8893.84,253512.38,115585.89,120138.81,17787.68,14.46,37.00,0.00
12,56,9395.99,266865.63,121888.83,126184.82,18791.97,14.21,39.00,0.00
13,56,9530.93,273161.43,124676.05,129424.51,19060.87,14.21,40.00,0.00
14,56,9724.60,274791.27,125314.65,130026.42,19450.20,14.21,53.01,0.00
15,56,10249.63,288211.68,131385.29,136327.12,20499.27,13.95,43.00,0.00
16,56,8170.86,231563.17,105637.25,109584.19,16341.73,17.01,35.00,0.00
17,56,7936.12,225719.52,102915.60,106931.67,15872.25,17.95,32.00,0.00
18,56,7785.06,223721.79,101787.82,106363.85,15570.12,17.95,46.00,0.00
19,56,7834.86,222515.07,101321.21,105524.14,15669.72,17.32,33.00,0.00
20,56,7942.12,225263.03,102879.60,106499.20,15884.24,17.32,31.00,0.00
21,56,8198.24,233436.28,106412.08,110627.72,16396.48,16.41,38.01,0.00
22,56,8429.10,239590.77,109450.27,113282.31,16858.20,16.12,34.00,0.00
23,56,8120.46,233686.42,106650.89,110795.61,16239.92,17.01,37.00,0.00
24,56,8500.29,238676.21,108883.75,112790.88,17001.59,16.12,31.00,0.00
25,56,8405.86,237596.59,108252.48,112535.39,16808.73,16.71,28.99,0.00
26,56,8261.74,239387.34,109407.01,113455.86,16524.47,16.41,34.01,0.00
27,56,8161.43,234253.23,107039.59,110888.79,16324.85,16.41,41.00,0.00
28,56,8331.28,242566.16,110681.73,115221.88,16662.56,16.41,37.00,0.00
29,56,8565.46,244962.52,111893.93,115937.67,17130.92,16.12,43.00,0.00
30,56,8309.81,234201.54,106784.51,110798.42,16618.61,17.01,44.00,0.00
31,56,8476.08,241977.18,110448.00,114576.03,16953.15,16.41,32.00,0.00
32,56,8484.50,235423.00,107327.38,111126.61,16969.01,16.71,42.00,0.00
33,56,8404.28,240561.32,109884.56,113868.21,16808.56,16.41,32.00,0.00
34,56,8398.72,241078.73,110063.46,114220.82,16794.44,16.41,40.00,0.00
35,56,8457.02,239807.92,109400.42,113490.46,16917.04,16.71,32.99,0.00
36,56,8670.50,244761.43,111591.34,115829.08,17341.01,16.71,45.01,0.00
37,56,8669.48,245271.62,111691.20,116241.46,17338.96,16.71,29.00,0.00
38,56,9124.05,259106.54,118239.70,122620.73,18246.11,15.83,31.00,0.00
39,56,8512.75,241710.83,110363.73,114320.61,17026.49,17.01,40.00,0.00
40,56,8362.88,238681.62,108946.46,113008.40,16726.76,17.01,30.00,0.00
41,56,8111.75,230369.00,105027.81,109117.69,16223.51,17.32,33.00,0.00
42,56,7919.69,227200.08,103549.74,107810.96,15839.38,18.28,35.98,0.00
43,56,8258.30,234920.77,107083.74,111321.44,16515.59,17.01,41.02,0.00
44,56,8078.36,229346.22,104573.66,108614.84,16157.72,17.32,33.00,0.00
45,56,8202.69,232121.32,105950.04,109765.90,16405.39,17.63,45.00,0.00
46,56,8067.44,229525.53,104732.72,108657.93,16134.88,17.32,30.00,0.00
47,56,8135.13,231266.69,105506.68,109489.75,16270.26,17.63,32.00,0.00
48,56,7871.01,222836.31,101560.14,105535.15,15741.02,18.28,46.00,0.00
49,56,8077.87,229701.21,104886.27,108658.21,16156.73,17.32,28.00,0.00
50,56,7897.37,226734.49,103500.79,107439.97,15793.73,17.95,33.00,0.00
51,56,7832.71,225329.77,102738.25,106925.09,15666.43,18.61,36.00,0.00
52,56,7781.73,218223.51,99463.59,103197.46,15562.47,18.61,27.00,0.00
53,56,7976.07,224490.93,102381.88,106155.91,15953.14,17.95,38.00,0.00
54,56,7862.94,224596.40,102473.27,106397.24,15725.89,17.63,29.00,0.00
55,56,7860.03,222301.91,101325.41,105257.43,15719.06,18.28,33.00,0.00
56,56,7918.79,221632.23,101162.37,104631.28,15838.59,18.28,37.00,0.00
57,56,7431.50,212912.39,97066.56,100982.83,14863.00,18.61,33.00,0.00
58,56,7887.68,223901.97,102134.88,105991.72,15775.36,17.95,36.00,0.00
59,56,7866.95,228302.66,104119.39,108450.36,15732.91,17.95,42.00,0.00
60,56,7593.23,216302.44,98627.94,102487.05,15187.45,18.28,30.00,0.00
61,56,7478.34,213964.86,97680.50,101327.67,14956.69,18.61,32.00,0.00
62,56,7305.78,208441.60,95216.08,98613.97,14611.55,19.29,32.00,0.00
63,56,7504.40,214415.93,97867.21,101538.92,15009.80,18.28,33.00,0.00
64,56,7463.78,213578.42,97499.23,101152.62,14926.57,18.61,39.00,0.00
65,56,7307.34,212494.81,97027.24,100852.89,14614.68,18.61,46.00,0.00
66,56,7513.15,215904.36,98475.99,102402.07,15026.30,18.61,30.00,0.00
67,56,7566.45,218011.87,99425.87,103453.11,15132.89,18.28,31.00,0.00
68,56,7445.56,209362.62,95477.36,98994.15,14891.12,18.61,35.00,0.00
69,56,7436.28,211908.94,96497.62,100538.77,14872.56,18.95,37.00,0.00
70,56,7130.95,204847.66,93345.39,97240.36,14261.91,19.29,30.00,0.00
71,56,7152.61,205277.88,93678.93,97293.73,14305.23,19.65,29.00,0.00
72,56,7182.18,204116.22,93156.38,96595.47,14364.37,18.95,30.00,0.00
73,56,6935.13,198651.68,90647.68,94134.74,13869.26,19.65,28.00,0.00
74,56,7036.90,200678.15,91607.70,94995.65,14074.80,18.95,29.00,0.00
75,56,7157.36,203249.18,92706.65,96227.82,14314.72,18.95,32.00,0.00
76,56,6696.24,191943.99,87538.19,91014.31,13391.49,19.65,37.00,0.00
77,56,6803.56,193272.50,88237.30,91427.09,13608.12,19.65,33.00,0.00
78,56,6787.39,191430.95,87432.00,90424.17,13574.78,20.00,37.00,0.00
79,56,6721.95,193039.52,88110.33,91485.30,13443.90,19.29,25.00,0.00
80,56,6463.74,185768.53,84795.59,88045.46,12927.48,20.37,24.00,0.00
81,56,6655.96,189998.81,86793.46,89893.44,13311.92,19.65,31.00,0.00
82,56,6416.14,180871.89,82500.78,85538.84,12832.28,20.37,25.00,0.00
83,56,6596.50,189394.77,86486.50,89716.26,13192.01,20.00,23.00,0.00
84,56,6150.07,176229.91,80549.87,83378.90,12301.13,20.74,27.00,0.00
85,56,6358.33,179025.11,81643.38,84666.07,12715.66,21.11,17.00,0.00
86,56,6340.60,181014.05,82516.77,85815.08,12682.19,20.37,28.00,0.00
87,56,6391.46,182570.08,83390.98,86396.19,12782.92,20.00,31.00,0.00
88,56,6260.34,178899.26,81598.45,84781.12,12519.69,20.37,26.00,0.00
89,56,6343.78,179478.93,81830.00,84963.38,12685.55,20.74,22.00,0.00
90,56,5922.65,168208.09,76766.48,79593.31,11848.30,21.89,28.00,0.00
91,56,6207.17,172803.09,78808.78,81579.97,12414.34,20.74,18.99,0.00
92,56,6103.13,170533.46,77809.13,80518.07,12206.26,21.11,29.01,0.00
93,56,6014.59,170006.34,77515.69,80461.48,12029.18,21.11,31.00,0.00
94,56,6215.26,173536.18,79146.28,81959.39,12430.51,21.50,20.00,0.00
95,56,5796.72,163842.21,74707.45,77541.32,11593.45,22.28,24.00,0.00
96,56,5660.06,162173.72,73983.78,76870.82,11319.12,21.89,24.00,0.00
97,56,5919.22,166838.27,76077.86,78921.97,11838.44,21.89,17.00,0.00
98,56,5534.92,161259.58,73600.90,76588.85,11069.83,22.28,17.00,0.00
99,56,5930.89,170307.78,77703.53,80741.47,11862.78,22.28,27.00,0.00
100,56,5589.05,160644.52,73452.70,76013.72,11178.11,22.28,24.00,0.00
101,56,5714.03,163763.94,74693.43,77642.44,11428.07,22.28,32.00,0.00
102,56,5815.03,164404.72,74781.33,77994.34,11629.05,21.50,18.00,0.00
103,56,5761.79,165628.93,75518.23,78586.12,11524.58,21.89,30.00,0.00
104,56,5768.65,164683.54,75137.46,78008.78,11537.30,21.89,31.00,0.00
105,56,5536.65,156434.00,71389.44,73971.27,11073.29,22.69,29.00,0.00
106,56,5619.95,160514.54,73326.34,75948.31,11239.90,22.28,33.00,0.00
107,56,5457.34,155374.68,70854.42,73605.59,10914.68,23.10,22.00,0.00
108,56,5388.91,156011.45,71052.84,74180.79,10777.82,23.10,25.00,0.00
109,56,5835.95,165314.71,75438.41,78204.39,11671.91,21.89,26.00,0.00
110,56,5544.07,157483.97,71732.90,74663.93,11087.14,23.10,30.00,0.00
111,56,5940.86,169025.11,77085.23,80059.16,11880.73,21.50,32.00,0.00
112,56,5659.84,159195.64,72622.01,75251.94,11321.69,22.69,18.00,0.00
113,56,5938.24,170622.90,77829.15,80917.27,11876.48,21.11,25.00,0.00
114,56,5891.42,165030.87,75109.66,78139.36,11781.85,21.50,25.00,0.00
115,56,5454.55,154574.72,70597.18,73068.43,10909.11,23.10,18.00,0.00
116,56,5940.30,169703.06,77388.91,80432.55,11881.60,21.89,30.00,0.00
117,56,5629.67,158421.96,72282.65,74880.96,11258.35,22.69,29.00,0.00
118,56,5595.11,161555.29,73721.50,76642.56,11191.23,22.28,29.00,0.00
119,56,5495.70,159031.26,72562.01,75477.85,10991.40,22.28,20.00,0.00
120,56,5874.90,166033.29,75683.77,78599.72,11749.81,21.50,31.00,0.00
121,56,5629.39,161262.29,73587.15,76416.35,11258.79,21.89,23.00,0.00
122,56,5683.85,161287.79,73652.08,76268.01,11367.70,22.28,33.00,0.00
123,56,5624.13,158261.61,72122.65,74890.71,11248.26,22.28,31.00,0.00
124,56,5367.72,154372.07,70413.38,73223.24,10735.45,22.69,25.00,0.00
125,56,5684.94,164596.30,75083.23,78144.19,11368.88,21.89,36.00,0.00
126,56,5611.83,161563.11,73702.77,76635.68,11224.66,21.50,21.00,0.00
127,56,5726.03,163140.85,74442.39,77248.40,11450.06,22.28,33.00,0.00
128,56,5694.22,163758.47,74711.95,77656.07,11390.45,21.50,17.00,0.00
129,56,5338.05,155815.55,71172.71,73966.73,10676.11,23.10,16.00,0.00
130,56,6002.19,172165.69,78606.36,81554.96,12004.37,21.11,22.00,0.00
131,56,6019.75,173339.46,78997.78,82302.19,12039.49,21.11,21.00,0.00
132,56,6058.21,173837.92,79316.70,82404.81,12116.41,21.11,29.00,0.00
133,56,5823.95,164648.49,75133.31,77868.29,11646.89,21.50,30.00,0.00
134,56,5860.94,164677.26,75088.21,77866.18,11722.88,21.50,28.00,0.00
135,56,5828.92,166106.85,75751.02,78698.98,11656.85,21.50,27.00,0.00
136,56,5865.27,168601.88,76871.59,79998.74,11731.55,20.74,22.00,0.00
137,56,5731.57,162106.85,73913.46,76731.25,11462.14,21.50,29.00,0.00
138,56,5938.21,169690.02,77428.75,80383.85,11877.42,20.74,27.00,0.00
139,56,5598.83,158068.22,72058.82,74813.74,11195.66,22.28,24.00,0.00
140,56,5957.05,168756.28,76956.58,79883.61,11916.09,20.37,18.00,0.00
141,56,6058.07,171731.02,78404.92,81209.96,12116.14,20.74,29.00,0.00
142,56,6035.86,169999.05,77525.20,80402.13,12071.72,20.74,27.00,0.00
143,56,6089.82,174723.82,79568.64,82976.54,12178.64,21.11,28.00,0.00
144,56,5629.12,157427.40,71919.56,74248.61,11259.24,22.28,19.00,0.00
145,56,6105.15,173186.31,78904.97,82071.04,12210.30,20.37,24.00,0.00
146,56,5859.61,168549.78,76857.88,79972.67,11719.22,21.11,29.00,0.00
147,56,6063.79,172398.52,78541.26,81729.67,12127.58,21.11,26.00,0.00
148,56,5897.50,165541.01,75484.62,78261.39,11795.00,21.11,19.00,0.00
149,56,6197.08,174304.33,79438.06,82472.10,12394.17,20.37,19.00,0.00
150,56,6094.11,176137.26,80411.49,83537.55,12188.23,20.74,29.00,0.00
151,56,5882.89,167896.92,76653.59,79477.54,11765.78,20.74,28.00,0.00
152,56,6084.35,175761.25,80188.68,83404.86,12167.71,20.37,22.00,0.00
153,56,5874.62,169254.13,77216.04,80287.84,11750.25,21.11,25.00,0.00
154,56,5837.07,167168.86,76313.85,79180.88,11674.13,21.11,25.00,0.00
155,56,6250.03,179124.84,81712.38,84912.40,12500.06,20.37,21.00,0.00
156,56,6051.95,172098.44,78464.29,81531.26,12102.89,20.37,20.00,0.00
157,56,6152.15,175415.38,80047.00,83063.08,12305.31,20.37,26.00,0.00
158,56,5888.20,166836.54,76018.53,79041.63,11776.39,21.11,23.00,0.00
159,56,5714.61,164616.78,75187.87,77999.68,11429.22,21.11,21.00,0.00
160,56,5988.09,172689.59,78809.18,81905.23,11975.18,20.74,24.00,0.00
161,56,6283.44,176117.38,80280.88,83268.62,12567.89,20.37,28.00,0.00
162,56,6097.44,172624.45,78788.68,81642.89,12192.88,20.00,20.00,0.00
163,56,6232.24,177754.77,81163.09,84126.21,12465.48,20.37,29.00,0.00
164,56,5920.08,171768.46,78458.12,81470.17,11840.17,20.37,23.00,0.00
165,56,6024.10,171348.87,78193.31,81106.36,12049.20,20.37,20.00,0.00
166,56,5923.06,169848.61,77567.73,80434.76,11846.11,20.37,31.00,0.00
167,56,6381.57,178492.05,81321.55,84407.35,12763.15,20.00,27.00,0.00
168,56,5913.29,168160.25,76609.76,79723.91,11826.58,20.74,18.00,0.00
169,56,6043.85,172241.85,78596.11,81558.04,12087.71,20.74,28.00,0.00
170,56,6243.79,181789.82,83075.17,86228.07,12486.58,20.37,24.00,0.00
171,56,6202.25,175652.95,80175.17,83072.29,12405.49,20.00,37.00,0.00
172,56,6169.76,175539.25,80046.92,83152.80,12339.53,20.74,27.00,0.00
173,56,6346.26,183083.60,83585.47,86806.60,12691.53,20.00,29.00,0.00
174,56,6167.76,170899.46,78038.02,80524.92,12336.53,20.74,30.00,0.00
175,56,6287.33,180177.33,82227.26,85375.42,12574.65,20.37,29.00,0.00
176,56,5940.97,166235.10,75764.59,78588.57,11881.94,21.11,22.00,0.00
177,56,6015.79,169836.03,77542.28,80262.18,12031.58,20.74,35.00,0.00
178,56,6136.17,173300.71,79045.15,81983.23,12272.33,20.74,29.00,0.00
179,56,6179.83,176064.09,80344.76,83360.67,12358.66,20.74,23.00,0.00
180,56,6210.93,177234.12,80769.14,84043.11,12421.87,20.00,28.00,0.00
181,56,5941.20,166057.52,75810.52,78364.60,11882.39,21.11,19.00,0.00
182,56,6424.75,183826.73,83811.68,87164.55,12850.49,20.37,27.00,0.00
183,56,6028.30,170446.38,77682.82,80707.97,12055.59,21.11,28.00,0.00
184,56,6436.86,182134.11,83038.23,86221.16,12874.73,19.65,28.00,0.00
185,56,5803.95,165019.48,75203.31,78210.28,11605.89,21.11,19.00,0.00
186,56,5877.69,168405.03,76763.91,79883.75,11757.37,21.11,19.00,0.00
187,56,6117.38,174964.83,79882.94,82847.13,12234.76,20.74,25.00,0.00
188,56,6038.88,169593.59,77364.44,80151.39,12077.76,20.37,28.00,0.00
189,56,5794.36,165876.24,75640.67,78647.86,11587.72,21.11,19.00,0.00
190,56,6188.68,175381.00,79949.90,83052.74,12378.36,20.37,22.00,0.00
191,56,6488.31,183272.64,83548.94,86748.09,12975.61,20.37,26.00,0.00
192,56,6104.64,174147.76,79432.33,82505.15,12210.28,20.37,34.00,0.00
193,56,6192.22,178035.45,81265.94,84385.06,12384.45,20.37,25.00,0.00
194,56,6291.74,180980.42,82556.54,85840.41,12583.47,20.37,31.00,0.00
195,56,6124.35,172687.91,78764.52,81674.69,12248.70,20.74,21.00,0.00
196,56,6362.10,179194.89,81726.32,84745.37,12723.21,20.37,28.00,0.00
197,56,6344.03,182981.76,83461.35,86831.36,12689.05,20.00,31.00,0.00
198,56,5564.83,158295.85,72329.81,74836.38,11129.66,21.89,17.99,0.00
199,56,5781.10,164236.09,74923.19,77752.70,11560.20,21.50,27.01,0.00
200,56,6215.93,175193.91,79816.05,82944.01,12433.85,20.00,30.00,0.00
201,56,6344.92,179024.81,81736.00,84599.97,12688.84,20.00,28.00,0.00
202,56,5817.28,165316.83,75446.57,78235.70,11634.55,20.74,31.00,0.00
203,56,5902.95,166023.66,75763.39,78453.37,11806.90,20.74,24.00,0.00
204,56,6209.06,174920.77,79727.81,82775.84,12417.13,20.37,21.00,0.00
205,56,6290.02,180562.69,82511.32,85470.33,12581.05,20.00,23.00,0.00
206,56,6310.17,175807.89,80211.46,82976.09,12620.34,19.65,27.00,0.00
207,56,5999.31,172595.80,78715.01,81882.18,11998.61,20.37,30.00,0.00
208,56,6009.91,165040.49,75055.86,77964.81,12019.82,21.11,32.00,0.00
209,56,6403.02,181117.50,82709.23,85602.23,12806.04,20.00,27.00,0.00
210,56,6287.91,178656.37,81503.80,84576.76,12575.82,20.37,25.00,0.00
211,56,6088.43,169792.09,77520.95,80094.29,12176.85,20.37,31.99,0.00
212,56,5974.56,170064.37,77533.23,80582.02,11949.12,20.74,24.01,0.00
213,56,5951.34,168763.55,77060.36,79801.52,11901.67,20.37,23.00,0.00
214,56,5731.08,165807.41,75657.10,78687.14,11463.17,21.50,36.00,0.00
215,56,5755.15,163822.24,74763.94,77548.01,11510.30,21.50,20.00,0.00
216,56,6159.76,173644.20,79283.89,82040.79,12319.52,20.00,32.00,0.00
217,56,5899.23,165819.52,75500.97,78521.09,11797.46,21.11,19.00,0.00
218,56,6088.92,171933.68,78444.94,81309.90,12178.84,21.11,31.00,0.00
219,56,6003.19,171597.51,78440.52,81150.61,12006.39,20.74,32.00,0.00
220,56,6253.85,174783.74,79737.06,82539.99,12506.70,20.00,23.00,0.00
221,56,6148.66,175111.21,80067.53,82745.38,12298.31,20.37,18.00,0.00
222,56,5949.13,169537.60,77385.64,80253.71,11898.25,20.37,22.00,0.00
223,56,6148.91,176216.52,80459.87,83458.83,12297.83,20.37,33.00,0.00
224,56,6349.84,180057.51,82085.95,85271.87,12699.68,20.00,16.00,0.00
225,56,5986.29,171009.36,78028.81,81007.96,11972.59,20.37,22.00,0.00
226,56,6100.93,174057.05,79363.11,82492.08,12201.86,20.37,25.00,0.00
227,56,6277.81,179105.60,81706.54,84844.44,12554.62,20.00,28.00,0.00
228,56,5410.87,155752.21,71142.27,73789.20,10820.74,22.69,27.00,0.00
229,56,6210.16,174938.30,79895.17,82621.80,12421.32,20.37,28.00,0.00
230,56,6185.21,173114.74,78958.39,81784.94,12371.41,20.00,31.01,0.00
231,56,5967.85,168685.67,76848.03,79901.95,11935.69,20.74,24.00,0.00
232,56,6163.57,173569.04,79139.31,82101.59,12328.14,20.37,24.00,0.00
233,56,5834.77,166387.31,75958.95,78761.83,11666.53,21.50,21.00,0.00
234,56,6254.42,178808.41,81644.43,84653.15,12510.84,20.00,25.00,0.00
235,56,5997.33,175419.77,80040.46,83384.64,11994.67,20.74,27.00,0.00
236,56,6081.01,172053.21,78551.10,81340.10,12162.02,20.74,25.00,0.00
237,56,6061.53,169393.97,77208.06,80062.84,12123.07,20.37,22.00,0.00
238,56,6092.61,173704.30,79177.89,82341.20,12185.21,20.37,20.00,0.00
239,56,5834.86,165147.13,75216.24,78262.17,11668.73,20.74,26.00,0.00
240,56,6156.90,175890.25,80311.75,83264.70,12313.81,20.74,29.00,0.00
241,56,6248.83,178531.23,81399.82,84633.74,12497.67,20.00,29.00,0.00
242,56,5927.02,168324.66,76802.30,79667.31,11855.05,20.37,25.00,0.00
243,56,6161.92,176863.73,80695.96,83843.92,12323.84,20.37,20.00,0.00
244,56,5936.41,169583.65,77422.32,80288.52,11872.82,20.00,24.00,0.00
245,56,6046.28,171996.00,78333.64,81569.79,12092.56,20.74,26.00,0.00
246,56,6180.34,174701.32,79700.48,82640.16,12360.68,20.00,28.00,0.00
247,56,5949.31,167580.86,76424.04,79258.19,11898.63,20.74,14.00,0.00
248,56,6402.76,181358.07,82704.84,85847.72,12805.51,19.65,32.00,0.00
249,56,5849.18,167382.15,76421.35,79262.44,11698.36,20.37,25.00,0.00
250,56,6068.94,172177.35,78422.25,81617.22,12137.88,20.37,20.00,0.00
251,56,6214.78,177484.65,81089.10,83965.99,12429.56,20.00,35.00,0.00
252,56,6277.29,177757.27,81081.77,84120.92,12554.58,20.74,22.00,0.00
253,56,6162.00,173397.91,79069.96,82003.96,12323.99,20.37,31.00,0.00
254,56,5972.81,167953.76,76758.61,79249.53,11945.63,20.74,29.00,0.00
255,56,6259.07,177653.97,81094.90,84040.93,12518.14,20.37,24.00,0.00
256,56,6021.91,172153.47,78479.85,81631.80,12041.82,20.74,26.00,0.00
257,56,5973.14,170983.00,78048.83,80985.90,11948.28,20.74,31.00,0.00
258,56,6012.78,169572.91,77427.22,80120.12,12025.57,20.74,34.00,0.00
259,56,5879.23,165712.57,75634.00,78320.11,11758.47,20.74,32.00,0.00
260,56,6327.82,179238.87,81766.66,84816.57,12655.64,19.65,15.00,0.00
261,56,6143.92,177580.56,81084.88,84207.84,12287.83,20.37,34.00,0.00
262,56,6090.21,171210.78,78054.64,80975.74,12180.41,20.37,28.00,0.00
263,56,6330.93,180309.05,82253.11,85394.07,12661.86,20.37,35.00,0.00
264,56,6041.27,172853.79,78888.56,81882.69,12082.54,20.37,22.00,0.00
265,56,6186.79,174329.04,79580.28,82375.19,12373.58,20.37,37.00,0.00
266,56,6197.85,173153.92,78935.14,81823.07,12395.71,20.37,30.00,0.00
267,56,6042.49,172218.99,78585.38,81548.62,12084.98,20.37,22.00,0.00
268,56,6114.57,173732.64,79202.37,82302.15,12228.13,20.00,33.00,0.00
269,56,6303.02,179062.43,81662.20,84794.20,12606.03,20.00,31.00,0.00
270,56,6109.03,175956.78,80289.35,83448.37,12219.05,20.37,21.00,0.00
271,56,6036.96,170860.94,77933.52,80853.50,12073.92,20.74,28.00,0.00
272,56,6286.87,180367.75,82438.01,85357.01,12572.73,20.00,29.99,0.00
273,56,5846.82,164063.00,74801.25,77568.11,11693.64,21.50,25.01,0.00
274,56,5986.14,170555.99,77841.82,80740.89,11973.28,20.74,30.00,0.00
275,56,6368.52,181502.79,82729.74,86036.01,12737.04,20.00,29.00,0.00
276,56,5970.57,171751.49,78307.30,81503.06,11941.13,20.37,38.00,0.00
277,56,6345.64,177646.87,80975.38,83980.21,12691.28,20.37,32.00,0.00
278,56,6137.67,179506.64,82034.97,85196.32,12275.34,20.37,33.00,0.00
279,56,6129.73,174477.25,79618.46,82600.33,12258.46,20.00,29.00,0.00
280,56,6243.30,178021.60,81236.93,84297.07,12487.60,20.00,33.00,0.00
281,56,6121.09,178379.71,81339.24,84798.29,12242.19,20.37,38.00,0.00
282,56,6196.13,175355.44,79969.80,82993.37,12392.26,20.37,19.00,0.00
283,56,6137.21,172686.91,78732.70,81679.80,12274.42,20.37,29.00,0.00
284,56,6076.66,172948.72,78902.54,81892.86,12153.32,20.37,25.00,0.00
285,56,6205.88,179453.51,81946.41,85095.34,12411.76,20.00,29.00,0.00
286,56,6258.19,179879.60,82182.56,85182.65,12514.39,20.00,28.00,0.00
287,56,6194.81,173285.78,79063.84,81830.31,12391.62,20.37,26.99,0.00
288,56,6463.16,182474.81,83222.96,86327.52,12924.32,20.00,31.01,0.00
289,56,6514.78,187175.61,85421.09,88722.97,13031.56,19.29,40.00,0.00
290,56,6113.61,176145.74,80180.87,83737.65,12227.22,20.37,30.00,0.00
291,56,5895.40,166282.29,75832.15,78661.34,11788.80,20.37,21.00,0.00
292,56,6215.82,174577.96,79625.70,82519.62,12432.64,20.74,28.00,0.00
293,56,6358.16,179732.47,82177.04,84838.11,12717.32,20.00,23.00,0.00
294,56,5915.71,168778.83,77064.27,79883.14,11831.43,21.11,27.00,0.00
295,56,6194.63,176216.54,80390.23,83437.05,12389.26,20.37,26.00,0.00
296,56,6410.65,182415.40,83150.39,86443.72,12821.29,20.00,36.00,0.00
297,56,6251.98,178204.39,81389.72,84310.71,12503.96,20.00,23.00,0.00
298,56,6135.14,172246.94,78557.80,81418.86,12270.28,20.74,25.00,0.00
299,56,5960.76,171451.16,78255.88,81273.76,11921.52,20.74,32.00,0.00
300,56,6269.84,177318.57,80874.98,83903.91,12539.69,20.00,26.00,0.00
301,56,6125.05,176001.38,80275.63,83476.66,12249.10,20.00,27.00,0.00
302,56,6237.27,175159.67,79977.50,82708.62,12473.55,20.37,27.00,0.00
303,56,6581.51,187746.92,85795.57,88786.34,13165.01,19.29,29.00,0.00
304,56,6207.59,179348.04,81728.77,85204.10,12415.18,20.74,27.00,0.00
305,56,6200.98,175959.50,80316.77,83240.76,12401.96,20.74,23.00,0.00
306,56,5962.81,170395.51,77743.49,80726.40,11925.62,20.74,30.00,0.00
307,56,6054.01,172155.18,78530.08,81518.09,12107.01,20.37,28.00,0.00
308,56,6145.97,172498.08,78583.58,81621.56,12292.93,20.37,29.00,0.00
309,56,6022.01,169873.14,77416.07,80414.07,12043.01,21.11,22.00,0.00
310,56,6089.81,173671.62,79280.54,82210.45,12180.62,20.37,38.00,0.00
311,56,6286.22,175557.25,80127.85,82856.95,12572.45,20.37,37.00,0.00
312,56,6189.06,175054.18,79734.03,82942.03,12378.12,20.37,20.99,0.00
313,56,5955.87,168061.69,76796.08,79356.88,11908.73,21.11,13.00,0.00
314,56,6743.08,190840.20,87132.01,90220.04,13488.16,19.65,27.00,0.00
315,56,6098.17,173041.80,78872.19,81972.27,12197.34,20.74,27.00,0.00
316,56,6178.62,178435.11,81435.03,84644.84,12355.25,20.37,31.00,0.00
317,56,6267.17,176065.60,80210.34,83318.93,12536.33,20.37,27.00,0.00
318,56,5895.91,170396.25,77811.99,80792.45,11791.82,20.74,17.00,0.00
319,56,5944.17,166933.90,76059.23,78986.32,11888.35,20.74,28.00,0.00
320,56,6091.03,176577.85,80708.39,83687.40,12182.06,20.37,29.00,0.00
321,56,6157.42,172707.66,78786.54,81606.28,12314.83,20.37,20.00,0.00
322,56,5957.42,170893.18,78026.56,80951.77,11914.85,20.74,29.00,0.00
323,56,6029.07,170767.86,77812.85,80896.88,12058.13,20.37,24.00,0.00
324,56,6047.65,172746.14,78766.51,81883.33,12096.31,20.74,25.00,0.00
325,56,5911.27,166017.69,75760.51,78435.63,11821.55,21.11,16.00,0.00
326,56,5878.59,165721.45,75661.73,78302.54,11757.18,20.74,23.00,0.00
327,56,6060.63,175496.25,80038.32,83336.67,12121.26,20.74,25.00,0.00
328,56,6255.71,178180.60,81148.18,84521.02,12511.41,20.37,33.00,0.00
329,56,5976.91,168690.42,76909.83,79826.78,11953.82,20.37,17.00,0.00
330,56,6193.04,176953.16,80653.53,83913.55,12386.08,20.37,35.00,0.00
331,56,6230.97,179022.19,81611.63,84948.62,12461.94,19.65,30.00,0.00
332,56,6095.98,171712.36,78335.71,81184.70,12191.95,20.74,21.00,0.00
333,56,6080.11,172982.22,79011.47,81810.52,12160.23,20.74,26.00,0.00
334,56,6209.32,172762.81,78766.02,81580.16,12416.63,20.37,29.00,0.00
335,56,6154.73,174271.25,79426.47,82533.33,12311.45,20.37,28.00,0.00
336,56,6380.33,179992.32,82181.26,85050.40,12760.66,20.00,28.00,0.00
337,56,5802.53,162546.84,74122.00,76819.78,11605.06,21.89,21.00,0.00
338,56,6186.88,176546.57,80591.43,83581.37,12373.76,20.00,25.00,0.00
339,56,6218.48,176186.30,80259.30,83490.03,12436.96,20.00,37.00,0.00
340,56,5843.76,167211.64,76263.87,79260.26,11687.51,21.50,21.00,0.00
341,56,6058.97,172189.05,78434.57,81637.55,12116.93,20.74,26.00,0.00
342,56,6197.16,177328.50,80923.05,84011.13,12394.31,20.37,25.00,0.00
343,56,6032.06,172560.78,78786.81,81708.84,12065.12,20.37,22.00,0.00
344,56,6108.03,176230.86,80384.39,83630.41,12216.06,20.00,23.00,0.00
345,56,6002.74,169832.61,77379.63,80448.50,12004.48,20.74,36.00,0.00
346,56,6159.80,177595.18,81164.34,84110.25,12320.60,20.00,27.00,0.00
347,56,6204.10,177389.79,80985.27,83997.32,12407.19,20.00,23.00,0.00
348,56,6168.11,176373.17,80462.45,83572.50,12338.22,20.37,30.00,0.00
349,56,6264.13,177600.82,81043.74,84029.81,12527.27,20.37,29.00,0.00
350,56,6075.66,174084.38,79496.61,82436.45,12151.33,20.37,30.00,0.00
351,56,6075.26,171907.40,78431.38,81325.50,12150.52,20.74,20.00,0.00
352,56,6371.88,176793.57,80581.44,83468.38,12743.75,20.00,25.00,0.00
353,56,5895.11,166706.13,76017.43,78898.48,11790.22,21.11,22.00,0.00
354,56,5969.12,173638.50,79207.60,82492.66,11938.24,20.74,34.00,0.00
355,56,6369.08,182188.35,83161.07,86289.11,12738.16,20.00,35.00,0.00
356,56,6041.68,171842.86,78402.83,81356.67,12083.36,20.37,23.00,0.00
357,56,6246.90,178572.12,81476.68,84601.63,12493.80,20.00,34.00,0.00
358,56,6327.97,178943.22,81730.64,84556.63,12655.94,20.00,24.00,0.00
359,56,5713.07,164569.03,75188.93,77953.96,11426.14,21.11,21.00,0.00
360,56,6283.04,176398.07,80383.49,83448.51,12566.08,20.00,21.00,0.00
361,56,6102.82,170277.09,77614.76,80456.68,12205.65,20.37,23.00,0.00
362,56,6014.22,168917.25,76971.85,79917.96,12027.44,20.37,25.00,0.00
363,56,6028.10,171533.84,78249.30,81228.35,12056.20,20.37,28.00,0.00
364,56,6102.76,172871.21,78852.90,81812.79,12205.52,20.74,23.00,0.00
365,56,6191.23,178433.52,81434.98,84616.09,12382.45,20.00,26.00,0.00
366,56,6253.11,178646.19,81487.45,84651.51,12507.22,20.37,25.00,0.00
367,56,5955.64,167351.91,76336.40,79103.23,11912.28,20.37,23.00,0.00
368,56,5992.21,171003.85,78113.67,80906.77,11983.41,20.74,22.00,0.00
369,56,6132.21,176875.16,80741.81,83869.92,12263.43,21.11,29.00,0.00
370,56,6050.60,170741.84,77890.91,80748.72,12102.21,20.37,20.00,0.00
371,56,6228.07,175916.02,80321.92,83139.96,12454.14,20.00,25.00,0.00
372,56,6015.71,172569.60,78664.17,81872.02,12033.41,21.50,28.00,0.00
373,56,6319.58,178680.35,81593.47,84447.73,12639.16,20.37,37.00,0.00
374,56,5916.93,169251.99,77288.08,80130.05,11833.86,20.74,27.00,0.00
375,56,6190.00,174594.12,79680.06,82534.06,12380.01,20.37,19.00,0.00
376,56,6268.32,178973.11,81751.16,84685.31,12536.64,19.65,24.00,0.00
377,56,6222.88,173222.60,78843.45,81933.39,12445.76,20.37,24.00,0.00
378,56,6114.08,173344.15,78945.98,82171.02,12227.15,20.74,36.00,0.00
379,56,6192.07,176481.87,80450.87,83646.87,12384.13,20.37,33.99,0.00
380,56,6098.55,176772.94,80725.52,83850.32,12197.10,20.37,34.01,0.00
381,56,6119.43,173512.30,79041.60,82230.83,12239.87,20.74,28.00,0.00
382,56,6046.60,174257.48,79450.75,82714.53,12092.20,20.37,28.00,0.00
383,56,6004.84,172694.34,78789.87,81893.79,12010.68,20.37,31.00,0.00
384,56,6280.47,175848.10,80119.97,83167.20,12560.94,20.37,24.00,0.00
385,56,6105.92,173843.83,79472.01,82159.97,12211.85,20.37,32.00,0.00
386,56,6218.46,177694.48,80991.92,84265.64,12436.91,20.37,37.00,0.00
387,56,6296.24,181818.01,82937.20,86288.33,12592.49,19.29,25.00,0.00
388,56,6159.86,176016.99,80280.17,83417.10,12319.72,20.00,18.00,0.00
389,56,6462.28,178877.88,81582.60,84371.72,12923.57,20.37,32.00,0.00
390,56,6146.63,177453.29,80851.12,84308.91,12293.26,20.37,23.00,0.00
391,56,5982.70,168119.53,76695.14,79458.00,11966.40,20.74,32.00,0.00
392,56,6069.40,174041.41,79349.20,82553.41,12138.80,20.74,21.00,0.00
393,56,6268.68,179832.41,82098.86,85197.19,12536.35,20.37,31.00,0.00
394,56,6067.83,171364.18,78092.81,81134.72,12136.66,20.37,33.00,0.00
395,56,5975.08,171274.39,78231.09,81093.13,11950.17,20.74,23.00,0.00
396,56,6112.56,172503.61,78568.36,81711.13,12224.12,20.37,22.00,0.00
397,56,6038.94,172683.22,78885.19,81719.16,12078.88,20.74,14.00,0.00
398,56,5927.46,167789.90,76630.89,79304.10,11854.91,20.74,27.00,0.00
399,56,5997.69,172249.12,78501.95,81750.79,11996.38,21.11,20.00,0.00
400,56,6256.86,176754.16,80686.25,83555.19,12512.73,20.37,22.00,0.00
401,56,6183.42,173927.74,79356.36,82204.55,12366.84,20.37,24.00,0.00
402,56,6022.52,171878.35,78478.77,81354.54,12045.04,20.37,17.00,0.00
403,56,6179.94,176251.30,80525.23,83366.20,12359.88,20.00,26.00,0.00
404,56,6201.15,174196.27,79426.95,82367.02,12402.30,20.37,28.00,0.00
405,56,6226.31,178069.90,81230.06,84387.22,12452.62,20.74,29.00,0.00
406,56,6303.24,178270.65,81297.03,84367.15,12606.47,19.65,24.00,0.00
407,56,6405.81,181493.56,82778.52,85903.42,12811.62,20.00,20.00,0.00
408,56,5721.92,163503.81,74530.00,77530.96,11442.85,21.50,21.00,0.00
409,56,6309.94,177461.42,80879.28,83961.25,12620.89,20.00,27.00,0.00
410,56,6399.29,182793.35,83487.82,86506.95,12798.58,20.37,28.00,0.00
411,56,6072.84,172509.55,78782.97,81580.89,12145.69,20.37,21.00,0.00
412,56,6140.15,174389.32,79406.97,82702.05,12280.30,20.37,30.00,0.00
413,56,6006.39,172053.54,78546.03,81495.73,12011.78,20.00,26.00,0.00
414,56,5926.30,167751.42,76681.85,79215.97,11853.59,20.74,25.00,0.00
415,56,6254.07,179009.90,81665.87,84835.90,12508.13,20.00,18.00,0.00
416,56,6204.59,178169.32,81426.66,84333.47,12409.19,20.00,26.00,0.00
417,56,6030.21,170867.03,77788.74,81017.86,12060.43,20.37,21.00,0.00
418,56,6355.08,179717.32,82047.06,84960.10,12710.16,20.00,30.00,0.00
419,56,5968.91,169408.52,77202.87,80267.82,11937.82,20.74,21.00,0.00
420,56,6198.18,175844.06,80196.31,83252.39,12395.36,20.37,28.00,0.00
421,56,6271.72,178929.96,81696.33,84689.19,12544.44,20.00,28.00,0.00
422,56,6169.21,175589.08,80086.77,83163.88,12338.43,20.00,13.00,0.00
423,56,6650.33,187843.22,85679.21,88863.36,13300.65,19.29,39.00,0.00
424,56,6041.29,169970.02,77598.88,80288.56,12082.58,20.74,30.00,0.00
425,56,6224.22,179632.47,81939.95,85244.07,12448.45,20.37,25.00,0.00
426,56,6260.35,182194.27,83093.68,86579.88,12520.71,20.00,31.00,0.00
427,56,6110.52,171728.54,78298.86,81208.63,12221.04,21.50,26.00,0.00
428,56,6328.69,181118.64,82663.96,85798.30,12656.37,20.00,29.00,0.00
429,56,6069.88,173346.45,78977.38,82228.32,12140.75,20.37,30.00,0.00
430,56,6162.57,176398.57,80457.33,83617.11,12324.13,20.00,29.00,0.00
431,56,6086.09,173908.52,79392.15,82343.20,12173.18,20.74,36.00,0.00
432,56,6356.86,179845.01,82064.18,85067.11,12713.72,20.00,34.00,0.00
433,56,6232.88,180658.56,82366.43,85826.36,12465.76,20.37,17.00,0.00
434,56,6154.51,173654.41,79220.58,82124.82,12309.02,20.37,27.00,0.00
435,56,6274.99,180278.73,82317.88,85412.87,12547.98,20.00,25.00,0.00
436,56,6527.52,186872.13,85210.68,88604.42,13057.03,19.65,22.00,0.00
437,56,6056.36,171303.16,78168.64,81022.80,12111.72,20.74,26.00,0.00
438,56,6388.64,183094.74,83532.32,86788.14,12774.28,20.00,25.00,0.00
439,56,6083.49,174319.95,79525.36,82624.61,12169.97,20.37,33.00,0.00
440,56,6183.03,178026.90,81135.41,84524.43,12367.06,20.37,29.00,0.00
441,56,6025.74,172274.58,78650.61,81572.49,12051.48,20.74,18.00,0.00
442,56,6115.34,174858.69,79758.42,82869.59,12230.68,20.37,21.00,0.00
443,56,5927.47,170747.64,77864.00,81029.71,11853.93,21.11,22.00,0.00
444,56,6257.09,178035.49,81184.14,84336.18,12515.18,20.00,24.00,0.00
445,56,6291.35,180661.94,82366.53,85712.72,12582.69,20.37,35.00,0.00
446,56,6294.89,179835.85,82062.56,85183.51,12589.78,19.65,28.00,0.00
447,56,6277.81,179023.58,81677.53,84790.43,12555.62,20.00,25.00,0.00
448,56,6219.43,178279.19,81235.55,84604.78,12438.85,20.37,17.00,0.00
449,56,6111.73,176371.11,80352.40,83795.25,12223.45,20.37,29.00,0.00
450,56,6241.79,176763.17,80550.35,83730.24,12482.59,20.00,29.00,0.00
451,56,6191.04,173992.14,79253.52,82355.54,12383.08,20.37,26.00,0.00
452,56,6607.99,186724.81,84990.91,88517.91,13215.99,19.65,37.00,0.00
453,56,6036.01,172241.27,78551.12,81619.13,12071.02,20.37,28.00,0.00
454,56,6397.41,177367.27,80876.14,83695.32,12795.81,19.65,27.00,0.00
455,56,6136.56,176689.19,80556.16,83860.92,12272.11,20.37,23.00,0.00
456,56,6282.96,178015.77,81215.44,84234.42,12565.91,20.00,23.00,0.00
457,56,6102.07,173796.88,79293.86,82298.89,12204.13,20.37,39.00,0.00
458,56,6329.71,181840.61,82922.18,86261.02,12657.42,20.37,38.00,0.00
459,56,6459.17,180395.82,82170.20,85304.28,12921.35,20.00,27.00,0.00
460,56,6596.15,187358.20,85450.91,88715.99,13191.30,19.65,29.00,0.00
461,56,6216.88,180962.57,82744.43,85784.37,12433.76,20.00,38.00,0.00
462,56,6419.30,177241.36,80854.81,83546.94,12839.61,20.00,32.00,0.00
463,56,6276.71,182383.60,83147.17,86683.01,12553.42,20.37,35.00,0.00
464,56,6359.82,182254.82,83160.64,86374.55,12719.64,20.00,23.00,0.00
465,56,5797.17,167038.91,76161.24,79283.33,11594.34,21.11,19.00,0.00
466,56,6182.84,179322.29,81849.85,85106.76,12365.68,20.37,28.00,0.00
467,56,5971.09,174518.50,79562.14,83015.19,11941.17,20.37,34.00,0.00
468,56,6095.61,171698.29,78331.89,81174.17,12192.23,20.74,20.00,0.00
469,56,6256.33,177739.83,81096.25,84130.93,12512.65,20.00,30.00,0.00
470,56,6399.41,182404.57,83119.27,86486.49,12798.81,20.00,26.00,0.00
471,56,6364.16,180378.10,82231.10,85418.68,12728.31,19.65,25.00,0.00
472,56,6498.11,183428.37,83627.30,86804.85,12996.22,19.65,18.00,0.00
473,56,6114.04,169723.11,77329.50,80166.52,12227.08,20.37,28.00,0.00
474,56,6401.83,182962.10,83548.76,86608.68,12804.66,19.65,32.00,0.00
475,56,6267.09,177308.62,80888.19,83886.24,12534.19,20.37,30.00,0.00
476,56,6036.64,169294.96,77306.42,79917.26,12071.28,20.37,25.00,0.00
477,56,6308.98,179855.53,82064.79,85172.78,12617.97,20.37,28.00,0.00
478,56,6301.91,180541.38,82329.81,85605.76,12605.82,20.00,24.00,0.00
479,56,6353.30,181792.62,82865.93,86220.09,12706.60,20.00,31.00,0.00
480,56,6091.92,174769.64,79756.92,82828.88,12183.84,20.74,27.00,0.00
481,56,6149.01,176682.16,80522.07,83865.08,12295.01,20.00,38.00,0.00
482,56,6551.44,189061.62,86130.75,89826.00,13104.87,19.65,34.00,0.00
483,56,5840.57,164169.99,74862.52,77625.32,11682.15,21.11,31.00,0.00
484,56,6009.28,170760.82,77952.57,80789.70,12018.55,20.74,28.00,0.00
485,56,6316.79,179606.01,81964.26,85010.16,12631.58,20.00,26.00,0.00
486,56,6513.40,185704.32,84859.17,87816.35,13028.79,19.65,39.00,0.00
487,56,6271.89,175827.03,80204.64,83078.59,12543.79,20.37,25.00,0.00
488,56,6280.71,180096.61,82269.17,85266.03,12561.42,20.00,28.00,0.00
489,56,6296.84,177058.59,80725.99,83738.92,12593.69,20.37,28.00,0.00
490,56,6220.00,179980.11,82089.05,85451.05,12440.01,20.00,22.00,0.00
491,56,5858.09,169531.69,77464.23,80351.27,11716.19,20.74,26.00,0.00
492,56,6005.24,173197.03,79037.21,82149.33,12010.49,20.37,30.00,0.00
493,56,6245.69,178522.03,81438.91,84591.75,12491.37,20.00,29.00,0.00
494,56,6022.33,171836.45,78478.32,81314.47,12043.66,20.37,28.00,0.00
495,56,5867.58,169156.77,77186.42,80234.20,11736.15,20.74,18.00,0.00
496,56,6117.23,173618.44,79259.94,82125.04,12233.45,20.74,25.00,0.00
497,56,6203.13,175903.73,80241.70,83254.77,12407.26,20.00,17.00,0.00
498,56,6089.51,175911.71,80323.48,83409.23,12179.01,20.74,36.00,0.00
499,56,5648.17,161141.88,73609.23,76236.31,11296.34,21.89,26.00,0.00
500,56,6157.99,173505.71,79198.87,81990.86,12315.98,20.37,27.00,0.00
501,56,6114.83,175020.15,79753.79,83036.70,12229.66,20.37,35.00,0.00
502,56,6454.39,183436.14,83649.08,86879.27,12907.78,19.65,28.00,0.00
503,56,6221.95,177074.22,80682.43,83946.88,12444.91,20.00,26.00,0.00
504,56,6391.87,181764.81,82889.31,86091.75,12783.74,19.65,19.00,0.00
505,56,6346.14,181180.91,82655.79,85832.85,12692.27,19.65,33.00,0.00
506,56,6153.76,176586.05,80647.83,83630.71,12307.52,20.37,41.00,0.00
507,56,6482.43,184785.16,84299.55,87520.76,12964.85,19.65,21.00,0.00
508,56,6246.61,176041.89,80245.94,83303.74,12492.21,20.74,32.00,0.00
509,56,6071.23,173391.69,79111.05,82137.17,12143.47,20.37,31.00,0.00
510,56,6281.72,177034.09,80708.39,83762.26,12563.44,20.37,25.00,0.00
511,56,6612.23,187805.45,85573.94,89007.06,13224.45,19.65,32.00,0.00
512,56,5823.89,165634.75,75618.52,78368.46,11647.77,20.74,24.00,0.00
513,56,6282.45,179651.33,81984.85,85101.58,12564.90,20.00,27.00,0.00
514,56,5956.60,169195.10,77227.81,80054.09,11913.20,21.11,23.00,0.00
515,56,6412.05,180299.28,82332.58,85143.60,12823.09,20.00,29.00,0.00
516,56,6007.39,170774.03,77841.03,80918.23,12014.78,20.37,26.00,0.00
517,56,6234.08,177866.72,81133.01,84264.55,12469.16,20.00,29.00,0.00
518,56,6309.98,179607.76,81910.66,85078.15,12618.95,20.00,31.00,0.00
519,56,6089.01,175394.37,80022.17,83193.17,12179.03,20.37,27.00,0.00
520,56,6048.84,175021.39,79889.89,83033.81,12097.68,20.00,21.00,0.00
521,56,6184.84,177196.42,80772.91,84053.83,12369.68,20.37,33.00,0.00
522,56,6211.79,177576.10,81038.31,84114.20,12423.59,20.00,33.00,0.00
523,56,5947.90,169388.01,77272.64,80220.59,11894.79,20.74,27.00,0.00
524,56,6290.21,176960.94,80770.71,83608.80,12581.42,20.00,29.00,0.00
525,56,6401.75,180846.89,82527.76,85515.64,12803.50,19.65,27.00,0.00
526,56,6603.49,186686.77,85189.28,88290.51,13206.97,19.65,21.00,0.00
527,56,6349.88,180606.70,82474.46,85432.48,12699.76,20.74,39.99,0.00
528,56,6288.75,181160.44,82547.98,86034.95,12577.50,20.00,21.01,0.00
529,56,6311.17,179719.94,81980.25,85117.34,12622.35,20.00,15.00,0.00
530,56,6193.75,176452.01,80593.81,83470.70,12387.51,20.37,25.00,0.00
531,56,6248.06,181347.81,82589.83,86261.86,12496.12,20.37,24.00,0.00
532,56,6204.80,175172.37,80004.43,82758.34,12409.60,20.00,32.00,0.00
533,56,6358.33,182375.38,83164.28,86494.45,12716.65,20.00,21.00,0.00
534,56,6223.96,178061.82,81251.46,84364.44,12445.92,20.00,25.00,0.00
535,56,6066.04,171480.19,78138.54,81208.56,12133.08,20.74,27.00,0.00
536,56,6174.14,174935.10,79823.87,82761.94,12349.29,20.00,28.00,0.00
537,56,5927.72,165313.24,75356.46,78101.33,11855.44,21.11,22.00,0.00
538,56,6180.20,175429.58,79952.54,83116.64,12360.39,20.74,32.00,0.00
539,56,6205.92,172777.64,78817.92,81547.89,12411.83,20.37,23.00,0.00
540,56,6306.12,178917.45,81649.57,84655.63,12612.24,20.37,35.00,0.00
541,56,6559.36,189648.28,86506.69,90022.88,13118.71,19.65,37.00,0.00
542,56,5980.66,169571.35,77225.60,80385.42,11960.32,20.74,19.00,0.00
543,56,6166.85,177663.00,80979.96,84349.33,12333.71,20.00,26.00,0.00
544,56,6172.09,177107.39,80773.32,83988.89,12345.19,20.37,37.01,0.00
545,56,6246.14,177233.92,80807.79,83933.86,12492.28,20.00,33.00,0.00
546,56,6490.72,188111.83,85796.27,89334.12,12981.44,20.00,33.00,0.00
547,56,6316.57,178936.21,81715.40,84587.66,12633.14,20.37,32.00,0.00
548,56,6339.17,179188.54,81798.29,84711.91,12678.34,20.00,23.00,0.00
549,56,6193.26,175769.46,80072.40,83311.54,12385.53,20.74,34.00,0.00
550,56,6143.27,177732.68,81207.51,84237.64,12287.53,20.00,20.00,0.00
551,56,6624.96,189553.79,86502.45,89801.43,13249.92,19.65,35.00,0.00
552,56,6266.17,178348.89,81419.23,84397.32,12532.34,20.00,44.00,0.00
553,56,6284.10,178824.47,81656.34,84599.92,12568.21,20.00,28.00,0.00
554,56,6316.47,181174.43,82727.13,85814.36,12632.94,20.37,28.00,0.00
555,56,6242.04,172947.08,78853.49,81609.51,12484.08,20.37,33.00,0.00
556,56,6042.94,172755.24,78985.19,81684.17,12085.88,20.37,26.00,0.00
557,56,6450.51,183037.51,83612.63,86523.86,12901.02,19.65,30.00,0.00
558,56,6330.21,179708.87,82074.68,84973.77,12660.41,20.00,33.00,0.00
559,56,6219.81,178823.86,81634.42,84749.82,12439.63,20.00,27.99,0.00
560,56,6443.88,181795.83,82985.33,85922.74,12887.76,19.65,38.01,0.00
561,56,6025.75,169189.09,77191.85,79945.73,12051.51,20.74,19.00,0.00
562,56,6334.91,182561.39,83340.81,86550.76,12669.82,20.00,33.00,0.00
563,56,6431.39,184078.07,83980.05,87235.25,12862.77,19.65,33.00,0.00
564,56,6015.99,171390.33,78324.90,81033.45,12031.99,20.74,25.00,0.00
565,56,6193.77,177322.01,80868.04,84066.43,12387.54,20.37,25.00,0.00
566,56,6265.17,176685.70,80705.14,83450.22,12530.33,20.00,27.00,0.00
567,56,6244.65,178538.01,81396.45,84652.26,12489.30,20.00,25.00,0.00
568,56,6211.58,178255.54,81371.55,84460.84,12423.15,20.74,19.00,0.00
569,56,6272.07,176569.02,80451.92,83572.95,12544.14,20.37,38.00,0.00
570,56,6238.48,177253.25,80974.26,83801.02,12477.96,20.37,41.00,0.00
571,56,6377.94,182319.35,83174.25,86390.22,12754.88,20.00,31.00,0.00
572,56,6184.43,174620.23,79741.59,82509.78,12368.87,20.37,27.00,0.00
573,56,6365.04,181579.02,82767.46,86081.48,12730.07,20.00,27.00,0.00
574,56,5880.98,169571.34,77512.70,80296.69,11761.95,20.74,19.00,0.00
575,56,6141.93,175185.98,79921.08,82981.04,12283.86,20.74,21.00,0.00
576,56,6249.90,178823.01,81513.64,84809.58,12499.79,20.00,19.00,0.00
577,56,6303.74,180217.49,82211.57,85398.44,12607.47,20.00,26.00,0.00
578,56,6341.06,177144.54,80752.70,83709.73,12682.11,19.65,30.00,0.00
579,56,6177.03,174938.75,79868.34,82716.36,12354.05,20.37,31.00,0.00
580,56,6216.98,178376.53,81377.78,84565.78,12432.97,20.37,31.00,0.00
581,56,6335.08,179422.23,81830.02,84921.06,12671.16,20.37,24.00,0.00
582,56,6494.02,185622.67,84669.31,87965.32,12988.05,19.65,31.00,0.00
583,56,6248.22,177222.22,80796.83,83928.94,12496.44,20.00,25.00,0.00
584,56,6338.94,180515.43,82353.28,85484.26,12677.89,20.00,25.00,0.00
585,56,6202.78,176553.76,80519.16,83630.05,12404.56,20.37,23.00,0.00
586,56,6203.25,174538.03,79595.21,82535.32,12407.50,20.74,29.00,0.00
587,56,6172.27,173465.31,79235.76,81887.02,12342.54,20.37,25.99,0.00
588,56,6448.12,184044.04,83982.62,87163.18,12898.25,19.65,26.00,0.00
589,56,6124.56,175740.00,80070.29,83420.60,12249.12,20.37,26.00,0.00
590,56,6314.67,182433.43,83266.63,86537.46,12629.34,19.65,26.00,0.00
591,56,6122.92,174558.71,79717.95,82594.92,12245.84,20.74,28.00,0.00
592,56,6283.36,178075.12,81330.62,84177.78,12566.71,20.37,29.00,0.00
593,56,6194.43,178867.35,81606.63,84871.86,12388.86,19.65,26.00,0.00
594,56,5898.96,166939.75,76200.43,78941.41,11797.91,20.74,30.00,0.00
595,56,6252.54,178617.85,81364.01,84748.76,12505.08,20.00,16.00,0.00
596,56,6329.14,180527.09,82327.87,85541.94,12657.29,20.00,26.00,0.00
597,56,6032.64,169330.96,77156.42,80108.25,12066.28,21.50,24.00,0.00
598,56,6123.13,176114.72,80392.70,83475.76,12246.26,20.37,24.00,0.00
599,56,6143.21,177431.18,81015.82,84128.93,12286.43,20.74,26.00,0.00
600,56,5977.26,169180.24,77197.30,80028.43,11954.51,20.74,18.00,0.00
601,56,6119.19,172571.98,78754.72,81579.88,12237.38,20.37,27.99,0.00
602,56,6335.44,179184.68,81695.55,84817.26,12671.88,19.65,21.00,0.00
603,56,6006.06,171950.62,78461.74,81476.77,12012.11,20.37,28.00,0.00
604,56,6182.15,178751.30,81568.96,84818.04,12364.30,20.00,32.00,0.00
605,56,6344.79,182086.85,83112.19,86285.09,12689.57,20.00,21.00,0.00
606,56,6168.88,176540.50,80493.40,83709.34,12337.76,20.37,32.00,0.00
607,56,6304.99,178144.66,81252.84,84281.84,12609.98,20.74,29.00,0.00
608,56,6116.09,174270.58,79391.17,82648.22,12231.18,20.74,33.00,0.00
609,56,6366.09,180972.46,82574.12,85665.16,12733.17,19.65,30.00,0.00
610,56,6433.65,181226.27,82727.56,85631.40,12867.31,19.65,19.00,0.00
611,56,6156.22,178719.33,81497.88,84910.01,12311.44,20.00,30.00,0.00
612,56,6348.15,180746.14,82447.89,85601.96,12696.29,20.37,24.00,0.00
613,56,6231.11,176735.07,80615.40,83656.45,12463.22,20.37,30.00,0.00
614,56,6462.06,183311.65,83660.75,86726.78,12924.12,20.00,32.00,0.00
615,56,6326.97,180306.17,82168.62,85483.61,12653.94,20.00,20.00,0.00
616,56,6399.00,180687.08,82444.04,85446.04,12797.01,20.00,30.00,0.00
617,56,6384.01,182984.26,83405.12,86810.12,12769.02,19.65,25.00,0.00
618,56,6097.32,170699.91,77831.30,80673.98,12194.64,20.37,24.00,0.00
619,56,6496.04,183276.45,83663.44,86620.92,12992.09,19.65,27.00,0.00
620,56,6412.82,184547.09,84159.54,87561.91,12825.64,19.65,29.99,0.00
621,56,6123.89,175259.33,79962.56,83049.01,12247.77,20.37,24.00,0.00
622,56,6219.05,180001.30,82135.60,85427.62,12438.09,20.37,38.00,0.00
623,56,6094.58,175105.89,79887.47,83029.26,12189.16,19.65,18.00,0.00
624,56,5943.01,170491.42,77784.19,80821.20,11886.03,21.50,19.00,0.00
625,56,6112.31,175981.85,80312.04,83445.20,12224.61,20.37,25.00,0.00
626,56,6403.31,181850.66,83019.15,86024.89,12806.62,20.00,27.99,0.00
627,56,6237.67,177888.19,81102.74,84310.11,12475.34,20.37,22.01,0.00
628,56,5981.99,170722.60,77960.82,80797.81,11963.97,20.74,23.00,0.00
629,56,6221.67,177362.67,80715.76,84203.57,12443.35,20.37,28.00,0.00
630,56,6310.40,179587.51,81971.25,84996.45,12619.81,20.00,23.00,0.00
631,56,6361.27,183653.06,83894.43,87035.08,12723.55,20.00,34.00,0.00
632,56,6317.53,181196.24,82628.95,85933.23,12634.06,20.00,27.00,0.00
633,56,6291.28,178788.96,81571.63,84634.77,12582.56,20.00,23.00,0.00
634,56,5996.87,171985.38,78307.35,81685.28,11992.75,20.74,26.00,0.00
635,56,6276.10,175662.78,80056.27,83052.31,12554.20,20.37,26.00,0.00
636,56,6069.96,176326.79,80540.45,83647.43,12138.92,20.37,25.00,0.00
637,56,6219.06,178243.66,81362.76,84441.78,12439.12,20.74,23.00,0.00
638,56,6461.73,183831.22,83827.45,87081.31,12922.45,20.00,27.00,0.00
639,56,6321.91,178082.46,81245.84,84191.80,12644.82,20.00,30.00,0.00
640,56,6033.17,173247.82,78968.20,82213.29,12066.34,20.74,24.00,0.00
641,56,6367.09,182243.63,83201.20,86308.25,12734.18,20.00,24.00,0.00
642,56,6465.78,184710.78,84325.16,87454.05,12931.56,19.29,31.00,0.00
643,56,6100.90,173561.21,79259.73,82099.68,12201.80,20.74,31.00,0.00
644,56,6078.16,172174.55,78484.07,81534.15,12156.32,20.74,25.00,0.00
645,56,6121.21,176732.99,80571.73,83918.84,12242.41,20.37,38.00,0.00
646,56,6243.27,180323.87,82195.59,85641.74,12486.54,20.37,28.00,0.00
647,56,6333.64,179512.88,81895.38,84950.21,12667.29,20.00,26.00,0.00
648,56,6205.83,176706.64,80716.76,83579.22,12410.66,20.00,26.00,0.00
649,56,6266.88,174728.66,79734.25,82459.64,12534.77,20.37,23.00,0.00
650,56,6199.82,174391.92,79482.69,82509.60,12399.64,20.74,26.00,0.00
651,56,6238.04,175328.06,79970.48,82882.50,12475.08,20.00,43.00,0.00
652,56,6289.42,180164.95,82176.45,85408.67,12579.83,20.00,31.00,0.00
653,56,6253.71,176598.16,80542.66,83548.08,12507.42,20.00,31.98,0.00
654,56,6366.21,180659.01,82207.42,85719.18,12732.41,20.37,28.01,0.00
655,56,6338.96,183380.82,83790.46,86912.44,12677.92,19.65,29.00,0.00
656,56,6120.94,173320.36,79075.25,82003.22,12241.88,20.74,27.00,0.00
657,56,6057.68,172786.74,78830.77,81840.61,12115.35,20.74,32.00,0.00
658,56,6570.33,187541.40,85688.30,88712.45,13140.66,19.65,17.00,0.00
659,56,6384.05,181015.53,82525.70,85721.73,12768.11,20.00,24.00,0.00
660,56,6246.08,179013.17,81728.99,84792.03,12492.15,20.37,38.00,0.00
661,56,6329.89,180199.84,82160.56,85379.50,12659.78,20.37,29.00,0.00
662,56,6608.71,187763.64,85623.19,88924.04,13216.41,19.29,24.00,0.00
663,56,6039.12,173296.47,79001.58,82215.65,12079.24,20.74,26.00,0.00
664,56,6061.39,171409.84,78103.18,81186.87,12119.79,20.74,21.00,0.00
665,56,6250.11,176985.46,80770.36,83711.88,12503.22,20.00,33.01,0.00
666,56,6298.40,176573.32,80508.39,83469.11,12595.81,20.00,26.00,0.00
667,56,6057.99,172759.85,78833.93,81808.93,12116.99,20.37,29.00,0.00
668,56,6243.31,173621.54,79209.90,81925.03,12486.61,20.37,25.00,0.00
669,56,6080.41,172272.57,78533.27,81578.48,12160.82,20.37,24.00,0.00
670,56,6517.03,185424.80,84608.37,87783.38,13033.06,20.00,38.00,0.00
671,56,6322.88,181509.46,82814.39,86049.32,12645.75,20.37,30.00,0.00
672,56,6300.51,180585.82,82298.54,85685.27,12602.01,20.00,30.00,0.00
673,56,6177.38,174630.72,79584.89,82691.08,12354.76,20.37,37.00,0.00
674,56,6342.55,179766.34,81915.23,85167.00,12684.11,20.37,30.00,0.00
675,56,6313.27,178780.70,81519.51,84634.64,12626.54,20.37,24.00,0.00
676,56,6388.72,182278.89,83033.31,86467.15,12778.43,20.00,36.00,0.00
677,56,6518.33,184433.38,84110.28,87286.44,13036.66,19.65,32.00,0.00
678,56,6171.95,176405.61,80366.37,83696.34,12342.90,20.74,26.00,0.00
679,56,6078.00,175406.87,79980.94,83268.94,12156.99,20.74,26.00,0.00
680,56,6248.36,174937.03,79733.57,82706.74,12496.72,20.37,17.00,0.00
681,56,6427.06,182369.73,83300.79,86214.82,12854.12,19.65,25.00,0.00
682,56,6101.53,171822.69,78327.93,81291.71,12203.06,20.37,19.00,0.00
683,56,6787.20,193087.63,88189.57,91323.66,13574.40,18.95,38.00,0.00
684,56,6148.26,175992.47,80241.41,83454.54,12296.52,20.74,32.00,0.00
685,56,6251.48,176816.38,80610.34,83704.08,12501.97,20.00,24.00,0.00
686,56,6376.49,179763.68,81967.47,85042.23,12753.98,20.37,35.00,0.00
687,56,6221.77,178334.15,81387.11,84503.50,12443.55,20.00,28.00,0.00
688,56,6181.78,173587.79,79163.17,82061.06,12363.56,21.11,30.00,0.00
689,56,5989.85,169798.88,77445.12,80374.05,11979.71,20.37,17.00,0.00
690,56,5979.08,169347.13,77274.97,80114.01,11958.15,21.50,20.00,0.00
691,56,6359.35,177030.71,80738.43,83573.59,12718.70,20.00,21.00,0.00
692,56,6004.09,173195.85,79086.06,82102.60,12007.19,20.37,30.00,0.00
693,56,6260.74,177219.89,80852.53,83844.88,12522.48,20.00,22.00,0.00
694,56,6292.03,182582.79,83407.36,86591.37,12584.05,20.37,35.00,0.00
695,56,6362.73,180172.42,82167.54,85279.41,12725.46,20.00,23.00,0.00
696,56,6309.07,180520.04,82330.93,85570.97,12618.14,20.37,26.00,0.00
697,56,6186.08,177000.28,80702.04,83926.08,12372.16,20.37,27.00,0.00
698,56,6487.97,188151.22,85857.64,89318.63,12974.95,19.29,38.00,0.00
699,56,6426.63,184436.98,84118.98,87463.74,12854.26,19.65,35.99,0.00
700,56,6380.58,181165.27,82631.42,85772.69,12761.16,20.00,30.01,0.00
701,56,6094.29,173876.19,79309.74,82377.88,12188.57,20.37,22.00,0.00
702,56,6386.82,180037.86,82068.66,85195.57,12773.64,20.00,33.00,0.00
703,56,6228.68,179086.92,81727.86,84901.70,12457.37,20.37,26.00,0.00
704,56,6191.49,178473.12,81421.44,84668.70,12382.98,20.37,28.00,0.00
705,56,6415.70,178504.68,81505.20,84168.08,12831.40,20.37,28.00,0.00
706,56,6489.92,184693.85,84302.02,87411.98,12979.85,19.65,26.00,0.00
707,56,6310.03,181440.83,82766.38,86054.39,12620.06,19.65,28.00,0.00
708,56,6194.85,175975.83,80176.10,83410.02,12389.71,20.00,23.00,0.00
709,56,6271.14,175861.91,80111.78,83207.85,12542.28,20.74,26.00,0.00
710,56,6204.15,174053.17,79323.90,82320.97,12408.30,20.37,16.00,0.00
711,56,6268.65,177326.05,80940.46,83848.30,12537.30,20.00,24.00,0.00
712,56,6481.23,185219.60,84569.01,87688.12,12962.46,19.65,25.00,0.00
713,56,6252.20,175863.41,80212.93,83147.08,12503.40,20.00,23.99,0.00
714,56,6175.67,179073.56,81655.14,85066.07,12352.35,20.37,26.01,0.00
715,56,6272.86,178378.11,81379.22,84454.16,12544.73,20.00,20.00,0.00
716,56,6182.17,179031.03,81840.30,84825.38,12365.35,20.00,34.00,0.00
717,56,6353.93,180223.97,82133.07,85383.04,12707.86,20.37,24.00,0.00
718,56,6295.86,179494.54,81851.20,85051.62,12591.72,19.65,24.00,0.00
719,56,6321.38,177363.84,80890.71,83830.36,12642.77,20.37,25.01,0.00
720,56,6449.96,182182.75,83165.43,86117.41,12899.91,19.65,21.00,0.00
721,56,6252.57,177495.85,80913.46,84078.25,12504.14,20.37,28.00,0.00
722,56,6095.42,173617.00,79206.47,82219.68,12190.84,20.74,18.00,0.00
723,56,6338.97,181191.75,82613.45,85900.36,12677.94,20.00,27.98,0.00
724,56,6306.01,180900.07,82706.61,85580.44,12613.02,20.00,33.02,0.00
725,56,6261.09,177975.53,81296.15,84157.19,12522.18,20.37,25.00,0.00
726,56,6647.91,186888.60,85216.91,88375.87,13295.83,20.00,23.00,0.00
727,56,6017.93,170332.01,77642.09,80654.06,12035.86,20.74,22.00,0.00
728,56,6447.82,181248.99,82683.71,85669.63,12895.64,20.37,26.00,0.00
729,56,6026.00,170004.94,77486.97,80465.97,12052.00,20.37,20.00,0.00
730,56,6374.93,181751.06,82929.11,86072.08,12749.86,20.00,20.00,0.00
731,56,6064.08,171879.16,78380.98,81370.02,12128.15,20.74,22.00,0.00
732,56,5833.13,165663.77,75474.72,78523.79,11665.27,21.11,27.00,0.00
733,56,6628.13,186650.54,85124.62,88268.68,13257.25,20.00,30.00,0.00
734,56,6171.78,175970.67,80290.11,83337.00,12343.56,20.37,24.00,0.00
735,56,6461.04,183608.21,83750.55,86936.57,12921.08,19.65,24.00,0.00
736,56,6063.88,173600.48,79159.39,82314.33,12126.75,20.74,32.00,0.00
737,56,6274.53,177035.01,80705.84,83779.11,12550.06,20.37,30.00,0.00
738,56,6172.46,173638.94,79306.12,81989.89,12342.93,20.37,38.00,0.00
739,56,6405.13,180121.55,82132.62,85175.68,12813.25,20.00,26.00,0.00
740,56,6355.97,179307.09,81709.58,84885.57,12711.94,20.37,20.00,0.00
741,56,6420.96,182443.85,83191.47,86410.45,12841.92,19.65,19.00,0.00
742,56,6561.25,183888.12,83905.25,86860.37,13122.51,19.65,25.00,0.00
743,56,6126.56,177599.19,80918.16,84428.91,12252.12,20.74,29.00,0.00
744,56,6081.25,171861.05,78289.21,81408.34,12163.50,20.37,21.00,0.00
745,56,6380.28,181745.86,82794.58,86190.73,12760.55,20.00,39.00,0.00
746,56,6504.60,183177.70,83458.85,86709.65,13009.20,19.65,31.00,0.00
747,56,6102.99,173817.77,79238.90,82372.89,12205.98,20.37,24.00,0.00
748,56,6369.16,182655.49,83291.05,86626.13,12738.31,20.00,30.00,0.00
749,56,6208.92,176032.84,80296.01,83318.98,12417.85,20.74,25.00,0.00
750,56,6423.89,182471.78,83242.53,86381.48,12847.77,20.00,31.00,0.00
751,56,6306.98,177888.57,80995.80,84278.79,12613.97,20.37,21.00,0.00
752,56,6436.06,183749.81,83817.83,87059.86,12872.13,19.65,32.00,0.00
753,56,6490.92,184093.76,83772.98,87338.94,12981.84,20.00,21.00,0.00
754,56,6269.25,180052.27,82233.32,85281.44,12537.51,20.37,33.00,0.00
755,56,6372.82,179954.88,82103.66,85104.58,12746.64,20.00,23.00,0.00
756,56,6467.17,186694.99,85096.28,88664.37,12934.35,19.65,27.00,0.00
757,56,6701.95,192396.52,87806.32,91186.30,13403.90,19.29,32.00,0.00
758,56,6082.13,172509.76,78696.71,81649.78,12163.26,20.00,18.00,0.00
759,56,6283.28,180238.04,82384.67,85285.80,12567.56,20.00,29.00,0.00
760,56,6435.47,180409.27,82273.28,85265.04,12870.95,20.00,24.00,0.00
761,56,6396.25,181837.22,82986.29,86061.41,12789.51,20.37,33.00,0.00
762,56,6052.06,174707.63,79602.74,83000.78,12104.11,20.74,31.00,0.00
763,56,6347.12,180304.09,82169.65,85438.19,12696.25,20.37,29.00,0.00
764,56,6315.88,181930.48,82991.62,86306.09,12632.77,20.00,38.01,0.00
765,56,6220.32,176620.80,80658.23,83522.92,12439.65,20.00,25.00,0.00
766,56,6386.55,181469.72,82706.17,85989.45,12774.11,20.00,17.00,0.00
767,56,6205.64,176949.78,80626.34,83912.15,12411.28,20.37,25.00,0.00
768,56,6148.14,171750.01,78291.83,81161.89,12296.29,20.37,21.00,0.00
769,56,6224.95,173343.55,79038.34,81856.31,12448.90,20.37,24.00,0.00
770,56,6193.21,176633.98,80656.73,83590.83,12386.42,20.00,23.00,0.00
771,56,6166.96,175330.84,80003.47,82992.45,12334.92,20.00,25.00,0.00
772,56,6439.35,182690.94,83334.53,86477.71,12878.70,20.00,26.00,0.00
773,56,6543.67,188638.60,86151.71,89399.54,13087.35,19.65,23.00,0.00
774,56,6383.39,180869.02,82411.02,85691.22,12766.78,20.00,27.00,0.00
775,56,5855.50,167968.58,76586.43,79673.16,11708.99,20.74,25.00,0.00
776,56,6322.56,181656.99,82981.31,86028.57,12647.11,20.00,23.00,0.00
777,56,6297.32,177501.94,80831.32,84076.97,12593.65,20.74,33.00,0.00
778,56,6201.26,177067.30,80756.33,83907.46,12403.51,20.00,32.00,0.00
779,56,6136.25,172165.94,78476.17,81416.28,12273.50,20.37,22.00,0.00
780,56,6214.62,176448.18,80458.07,83561.88,12428.24,20.37,24.00,0.00
781,56,6296.18,179289.16,81687.35,85010.45,12591.36,20.74,26.00,0.00
782,56,6203.90,176684.04,80648.65,83626.60,12408.79,20.74,28.00,0.00
783,56,6360.41,183833.78,83918.38,87195.59,12719.81,20.00,24.00,0.00
784,56,6250.63,173447.86,79120.60,81828.01,12499.25,20.37,31.99,0.00
785,56,6434.11,182391.37,83217.31,86302.84,12871.21,20.37,28.00,0.00
786,56,6176.41,177581.80,81060.39,84168.60,12352.82,20.74,29.00,0.00
787,56,6531.54,184209.07,84015.10,87131.88,13062.08,20.00,29.00,0.00
788,56,6127.97,175512.24,80186.65,83069.64,12255.95,20.37,32.00,0.00
789,56,6243.98,180455.54,82345.79,85620.78,12488.97,20.37,26.00,0.00
790,56,6369.77,178762.62,81460.09,84563.98,12738.55,20.00,38.00,0.00
791,56,6455.46,181547.91,82741.89,85894.11,12911.92,20.00,44.00,0.00
792,56,6260.48,180573.97,82389.14,85663.87,12520.96,20.00,24.00,0.00
793,56,6242.13,178680.78,81673.73,84523.79,12483.26,20.00,21.00,0.00
794,56,6372.28,181498.09,82928.70,85824.82,12744.57,19.65,33.00,0.00
795,56,6308.78,179944.84,82077.19,85249.08,12618.57,20.00,29.00,0.00
796,56,6276.88,179482.63,81872.46,85056.40,12553.76,20.00,30.00,0.00
797,56,6238.51,179173.57,81703.64,84992.91,12477.01,20.00,35.00,0.00
798,56,6192.82,179312.84,81790.65,85137.55,12384.64,20.37,27.00,0.00
799,56,6326.74,181586.56,82806.61,86125.47,12654.48,20.00,35.00,0.00
800,56,6042.71,176391.79,80422.48,83883.89,12085.42,20.37,24.00,0.00
801,56,6367.11,181884.67,82881.46,86269.98,12733.23,20.00,26.00,0.00
802,56,6360.37,180918.66,82724.88,85472.04,12721.75,20.37,27.00,0.00
803,56,6167.91,172811.32,78873.22,81602.29,12335.81,20.37,21.99,0.00
804,56,6046.05,169640.57,77335.24,80214.22,12091.10,21.11,20.01,0.00
805,56,6190.90,175387.13,79991.69,83012.64,12382.80,20.74,31.00,0.00
806,56,6278.40,175636.33,80156.39,82923.13,12556.81,20.74,34.00,0.00
807,56,6182.64,176321.37,80409.38,83546.70,12365.29,20.00,26.00,0.00
808,56,6560.86,187739.12,85737.23,88880.16,13121.73,20.00,29.00,0.00
809,56,6459.10,183830.92,83884.33,87028.38,12918.21,20.00,34.00,0.00
810,56,6385.80,178071.43,81130.46,84170.37,12770.60,20.00,36.00,0.00
811,56,6367.27,180486.73,82205.52,85546.66,12734.55,20.00,28.00,0.00
812,56,6257.83,176508.12,80529.77,83462.69,12515.65,20.37,31.00,0.00
813,56,6672.30,192487.79,87782.01,91360.17,13345.61,19.65,29.00,0.00
814,56,6024.48,173027.21,78984.01,81995.25,12047.95,20.74,27.99,0.00
815,56,6459.11,185336.79,84394.47,88023.10,12919.22,20.00,35.01,0.00
816,56,6256.43,179505.37,81944.64,85047.86,12512.86,20.00,27.00,0.00
817,56,6305.03,181667.98,82920.45,86137.47,12610.07,20.00,41.00,0.00
818,56,6239.03,178480.15,81233.33,84768.77,12478.05,20.37,26.00,0.00
819,56,6462.92,178974.35,81596.56,84451.96,12925.83,20.00,24.00,0.00
820,56,6495.16,186234.61,85031.10,88214.18,12989.32,19.65,36.00,0.00
821,56,6353.66,178507.32,81379.59,84419.42,12708.31,19.65,21.00,0.00
822,56,6138.01,173527.41,79038.18,82213.19,12276.03,20.37,24.00,0.00
823,56,6131.97,174581.13,79702.60,82614.59,12263.94,20.37,22.00,0.00
824,56,6395.00,181158.02,82495.01,85875.01,12788.00,20.37,26.00,0.00
825,56,6289.24,175908.64,80190.03,83139.14,12579.47,20.37,38.00,0.00
826,56,6382.25,181500.54,82753.22,85981.83,12765.49,19.65,32.00,0.00
827,56,6185.68,176597.35,80453.82,83772.18,12371.36,20.74,25.00,0.00
828,56,6096.48,173825.27,79420.27,82212.03,12192.97,20.74,25.00,0.00
829,56,6280.27,175643.47,80173.41,82910.53,12559.53,20.37,23.00,0.00
830,56,6307.59,181224.11,82669.58,85938.36,12616.17,20.37,22.00,0.00
831,56,6275.39,182487.38,83231.19,86705.41,12550.78,20.37,36.00,0.00
832,56,6544.16,184440.39,84093.00,87259.07,13088.31,19.65,39.00,0.00
833,56,6089.21,172421.95,78587.71,81656.82,12177.42,20.74,26.00,0.00
834,56,6297.87,180967.20,82681.26,85690.20,12595.74,20.00,31.00,0.00
835,56,6454.63,183647.43,83863.18,86875.00,12909.26,19.65,41.00,0.00
836,56,6598.23,188985.72,86246.07,89543.19,13196.47,19.65,25.00,0.00
837,56,6217.52,176327.39,80427.79,83464.56,12435.04,20.74,31.00,0.00
838,56,6294.45,178785.78,81452.82,84743.06,12589.90,20.37,29.00,0.00
839,56,6368.29,182562.29,83206.78,86619.93,12735.58,20.00,21.00,0.00
840,56,6224.96,178721.83,81564.47,84706.44,12450.92,20.00,21.00,0.00
841,56,6267.89,178873.87,81477.58,84860.52,12535.78,20.74,28.00,0.00
842,56,6394.79,179041.26,81588.86,84664.80,12787.59,20.37,24.99,0.00
843,56,6244.54,176113.63,80341.68,83280.87,12491.08,20.00,26.01,0.00
844,56,6471.47,186856.59,85255.97,88658.69,12941.93,19.65,22.00,0.00
845,56,6107.07,173008.94,79021.89,81771.92,12215.14,20.74,20.00,0.00
846,56,6310.43,180272.23,82203.58,85447.80,12620.86,20.37,18.00,0.00
847,56,6206.05,178010.31,81282.60,84315.62,12412.09,20.37,31.00,0.00
848,56,6316.01,180936.39,82567.18,85737.18,12632.03,20.00,27.00,0.00
849,56,6119.79,175467.06,80055.29,83173.18,12238.59,20.00,19.00,0.00
850,56,6278.07,178605.12,81499.97,84548.00,12557.15,20.00,28.00,0.00
851,56,6229.02,174405.58,79509.27,82439.28,12457.04,20.74,34.00,0.00
852,56,6232.54,176544.02,80514.08,83563.86,12466.08,20.00,36.00,0.00
853,56,6335.56,178120.58,81231.33,84218.13,12671.12,20.37,30.00,0.00
854,56,6545.44,185484.44,84622.68,87770.89,13090.88,19.65,23.00,0.00
855,56,6452.08,184762.19,84316.00,87542.04,12904.15,20.00,24.00,0.00
856,56,6129.39,176539.21,80612.12,83668.31,12258.78,20.37,27.00,0.00
857,56,6434.92,181872.62,82929.92,86072.87,12869.83,20.00,35.00,0.00
858,56,6399.61,182778.99,83365.98,86613.78,12799.23,19.65,25.00,0.00
859,56,6146.21,174057.91,79443.70,82322.79,12291.42,20.37,30.00,0.00
860,56,6214.98,177386.48,80839.76,84115.75,12430.96,20.00,27.00,0.00
861,56,6578.80,187494.42,85526.46,88812.36,13155.61,20.00,29.00,0.00
862,56,6224.07,178311.13,81311.97,84549.01,12450.15,19.65,27.00,0.00
863,56,6202.01,175660.29,80102.13,83154.14,12404.02,20.00,21.00,0.00
864,56,6284.10,174950.79,79791.27,82591.32,12568.20,21.11,33.00,0.00
865,56,6350.07,183046.11,83467.96,86878.00,12700.15,20.00,38.00,0.00
866,56,6443.32,181946.16,83047.18,86012.33,12886.65,19.65,28.00,0.00
867,56,6213.91,179603.37,82031.80,85143.75,12427.82,20.00,33.00,0.00
868,56,6377.20,181393.65,82686.57,85952.68,12754.40,19.65,26.00,0.00
869,56,6436.76,184772.04,84225.83,87671.70,12874.52,20.00,29.00,0.00
870,56,6119.06,169425.76,77232.80,79955.83,12237.13,20.74,24.00,0.00
871,56,6395.25,179602.92,81859.39,84953.03,12790.50,20.00,28.00,0.00
872,56,6052.52,172802.73,78770.71,81926.98,12105.03,20.74,23.00,0.00
873,56,6151.14,173376.05,79132.85,81940.91,12302.29,20.37,16.00,0.00
874,56,6391.47,181601.99,82854.15,85965.89,12781.94,20.37,25.00,0.00
875,56,6184.75,177689.55,81110.84,84208.21,12370.50,20.37,26.00,0.00
876,56,6043.28,173396.22,79225.50,82084.16,12086.55,20.00,27.00,0.00
877,56,6496.65,186102.76,85021.57,88088.88,12992.31,20.00,26.00,0.00
878,56,6086.83,172482.16,78703.79,81603.71,12174.66,20.74,27.00,0.00
879,56,6344.71,180578.65,82480.19,85410.05,12688.41,20.37,29.00,0.00
880,56,6364.48,181634.72,82893.26,86011.50,12729.96,20.00,27.00,0.00
881,56,6393.68,182121.92,83163.85,86171.70,12786.36,20.00,26.00,0.00
882,56,6228.00,180720.13,82439.06,85824.06,12457.01,20.37,22.00,0.00
883,56,6230.04,175107.09,79814.50,82832.51,12460.08,20.74,29.00,0.00
884,56,6086.21,174458.98,79622.73,82663.83,12172.42,20.74,22.00,0.00
885,56,6442.92,184002.78,84015.99,87100.95,12885.84,19.29,22.00,0.00
886,56,6604.52,186973.35,85245.78,88518.54,13209.04,19.65,25.00,0.00
887,56,6237.30,176402.61,80474.93,83454.07,12473.61,20.37,29.00,0.00
888,56,5939.87,169632.23,77305.28,80446.21,11880.74,21.89,24.00,0.00
889,56,6095.17,174508.98,79623.27,82695.36,12190.35,20.37,23.00,0.00
890,56,6308.04,182675.28,83319.58,86740.61,12615.09,20.37,27.00,0.00
891,56,6395.98,180872.44,82562.75,85516.74,12792.96,20.00,31.00,0.00
892,56,6018.93,168744.15,77040.16,79666.13,12037.87,20.74,26.00,0.00
893,56,6455.80,183485.21,83688.36,86886.26,12910.59,19.65,29.00,0.00
894,56,6201.04,174723.24,79524.57,82796.59,12402.09,20.37,28.00,0.00
895,56,6462.27,180437.63,82344.48,85168.60,12924.55,19.65,27.00,0.00
896,56,6144.82,176544.73,80578.59,83675.50,12290.63,20.37,34.00,0.00
897,56,6620.06,185422.62,84686.74,87495.76,13240.12,19.65,36.00,0.00
898,56,6012.35,172175.12,78538.61,81612.80,12023.71,20.74,18.00,0.00
899,56,6420.21,180809.79,82513.86,85456.50,12839.42,20.37,29.00,0.00
900,56,6380.70,181852.09,82904.16,86184.52,12763.41,20.37,29.00,0.00
901,56,6287.54,176035.20,80334.16,83125.96,12575.09,20.37,24.00,0.00
902,56,6089.39,175345.11,80018.07,83148.27,12178.77,20.37,17.00,0.00
903,56,6086.00,172536.08,78705.04,81659.04,12172.01,20.74,30.00,0.00
904,56,6155.64,174134.86,79416.37,82407.20,12311.28,20.74,27.00,0.00
905,56,6198.47,179461.68,81986.50,85079.24,12395.94,20.37,22.99,0.00
906,56,6150.72,173456.61,79094.93,82059.24,12302.43,20.37,28.01,0.00
907,56,6434.85,181974.71,82834.05,86270.97,12869.70,20.00,22.00,0.00
908,56,6170.85,179295.67,81860.02,85093.94,12341.70,20.37,33.00,0.00
909,56,6167.34,171257.36,78077.27,80845.42,12334.67,20.74,29.00,0.00
910,56,6168.73,176778.20,80671.44,83769.30,12337.46,20.37,31.00,0.00
911,56,6210.97,175168.23,79858.65,82886.63,12422.95,20.37,26.00,0.00
912,56,6094.07,176891.10,80860.96,83843.00,12187.14,20.37,23.00,0.00
913,56,6306.89,179119.96,81742.61,84763.56,12613.79,20.37,35.00,0.00
914,56,6105.59,170559.51,77854.54,80494.79,12210.18,20.74,26.00,0.00
915,56,6451.38,181634.67,82835.10,85895.81,12903.77,19.65,37.00,0.00
916,56,6376.50,183511.49,83824.62,86933.87,12753.01,20.00,39.00,0.00
917,56,6274.37,180707.94,82526.75,85632.44,12548.75,20.00,25.00,0.00
918,56,6223.63,177957.11,81111.26,84398.59,12447.27,20.00,29.00,0.00
919,56,6201.60,176598.64,80629.82,83565.63,12403.20,20.37,33.00,0.00
920,56,6419.91,185951.36,84778.80,88333.75,12838.82,20.00,36.00,0.00
921,56,6136.24,174314.96,79524.17,82518.29,12272.49,20.37,24.00,0.00
922,56,6445.79,183828.10,83771.31,87164.20,12892.59,20.00,32.00,0.00
923,56,6290.36,176751.98,80490.54,83680.72,12580.71,20.00,29.00,0.00
924,56,6055.76,172654.20,78678.90,81863.77,12111.52,21.50,33.00,0.00
925,56,6142.04,176137.81,80353.37,83500.36,12284.08,20.37,24.99,0.00
926,56,6615.01,186090.61,84936.84,87924.75,13229.02,20.00,31.01,0.00
927,56,6207.01,176116.41,80297.19,83404.19,12415.03,20.37,26.00,0.00
928,56,6251.05,178143.47,81297.67,84343.69,12502.10,20.74,37.00,0.00
929,56,6316.09,179938.71,82027.23,85279.28,12632.19,20.37,30.00,0.00
930,56,6442.89,181694.80,82702.55,86106.49,12885.77,19.65,24.00,0.00
931,56,6166.73,175802.32,80087.50,83382.36,12332.46,20.00,24.00,0.00
932,56,6172.45,178147.88,81235.87,84566.12,12345.89,20.37,32.00,0.00
933,56,6462.34,184552.61,84162.38,87467.56,12922.67,20.00,23.00,0.00
934,56,6009.45,170458.39,77738.88,80698.61,12020.90,20.74,29.00,0.00
935,56,6427.13,186208.99,85078.07,88276.65,12854.27,19.65,19.99,0.00
936,56,5997.10,169586.68,77382.01,80210.47,11994.20,20.74,30.02,0.00
937,56,6206.81,178356.53,81349.50,84593.40,12413.62,20.74,31.00,0.00
938,56,6272.55,175846.52,80361.30,82940.12,12545.11,20.74,28.00,0.00
939,56,6292.24,177985.84,81107.12,84294.24,12584.48,20.00,23.00,0.00
940,56,6166.08,174736.35,79762.07,82642.11,12332.17,20.37,17.00,0.00
941,56,6159.66,176541.95,80634.37,83588.25,12319.32,20.37,19.99,0.00
942,56,6358.81,179476.19,81802.09,84956.49,12717.61,20.00,33.01,0.00
943,56,6406.38,179688.67,81802.11,85073.79,12812.76,20.00,27.00,0.00
944,56,6040.99,171686.74,78271.88,81332.88,12081.98,20.74,23.00,0.00
945,56,6428.15,183769.37,83805.99,87107.07,12856.31,20.00,23.00,0.00
946,56,6238.83,179002.19,81710.80,84813.72,12477.66,20.37,33.00,0.00
947,56,6464.18,182166.09,83093.32,86145.41,12927.36,20.00,26.00,0.00
948,56,6654.09,188687.44,86162.11,89216.15,13309.17,20.00,24.00,0.00
949,56,6077.19,173584.52,79259.52,82170.61,12154.39,20.37,33.00,0.00
950,56,6484.39,181730.92,82807.22,85955.92,12967.78,20.00,23.00,0.00
951,56,6601.25,184101.91,83951.15,86947.26,13203.50,19.65,28.00,0.00
952,56,6309.79,180653.97,82481.25,85553.14,12619.58,20.74,29.00,0.00
953,56,6439.00,181901.05,83037.02,85987.02,12877.00,19.65,24.00,0.00
954,56,6257.78,176333.03,80407.05,83409.42,12516.56,20.37,32.00,0.00
955,56,6397.06,179825.71,82219.98,84811.60,12794.13,20.00,32.00,0.00
956,56,6534.89,183056.06,83495.43,86490.84,13069.79,19.65,15.00,0.00
957,56,6436.71,182244.68,83081.21,86290.06,12873.41,20.37,29.00,0.00
958,56,6301.60,177478.68,80942.84,83932.65,12603.20,20.00,28.00,0.00
959,56,6458.59,183587.68,83748.61,86921.90,12917.17,19.65,32.00,0.00
960,56,6018.79,168794.21,77112.36,79644.27,12037.59,20.74,21.00,0.00
961,56,6204.22,178611.31,81510.88,84691.99,12408.44,20.37,23.00,0.00
962,56,6364.29,182025.76,83026.77,86270.41,12728.58,20.00,41.00,0.00
963,56,6383.85,181352.14,82687.01,85897.43,12767.70,20.37,29.00,0.00
964,56,6534.38,185630.29,84660.92,87900.61,13068.75,19.65,21.00,0.00
965,56,6319.99,180864.82,82520.92,85703.92,12639.99,20.37,25.00,0.00
966,56,6497.05,185180.56,84424.71,87761.74,12994.11,20.00,23.00,0.00
967,56,6279.83,180278.19,82150.81,85568.72,12558.66,20.74,26.00,0.00
968,56,6456.12,182629.37,83384.54,86331.59,12913.24,19.65,31.00,0.00
969,56,6227.10,175685.68,80214.23,83017.27,12454.19,20.00,28.00,0.00
970,56,6207.13,175169.80,79950.74,82804.80,12414.27,20.74,29.00,0.00
971,56,6279.02,181303.57,82567.26,86178.27,12558.04,20.00,12.00,0.00
972,56,6327.58,178271.20,81264.62,84351.42,12655.16,20.37,27.00,0.00
973,56,6101.39,171191.96,77960.99,81028.19,12202.78,20.37,29.00,0.00
974,56,6334.15,181036.58,82617.86,85750.43,12668.29,20.37,30.00,0.00
975,56,6279.72,176874.32,80606.26,83708.62,12559.44,20.74,24.00,0.00
976,56,6446.88,179969.79,82208.53,84867.48,12893.77,19.65,26.00,0.00
977,56,6206.06,173945.66,79213.76,82321.79,12410.12,20.37,27.00,0.00
978,56,6420.04,179623.01,81954.46,84826.48,12842.07,20.00,24.00,0.00
979,56,6567.09,188420.02,85976.15,89312.69,13131.19,19.65,30.00,0.00
980,56,6286.34,178336.92,81417.31,84343.93,12575.67,20.00,30.01,0.00
981,56,6460.48,186623.03,85045.18,88656.89,12920.96,19.65,26.00,0.00
982,56,6262.14,178655.91,81526.78,84604.85,12524.27,20.00,30.00,0.00
